-------------------------Distribution of TCAM Usage------------------------
240	13	0	0	0	0	0	0	0	0	0	
102	141	10	0	0	0	0	0	0	0	0	
28	156	60	8	1	0	0	0	0	0	0	
0	124	88	34	6	1	0	0	0	0	0	
0	73	98	63	13	5	1	0	0	0	0	
0	38	102	57	46	4	6	0	0	0	0	
0	24	81	73	46	19	8	2	0	0	0	
0	4	78	71	42	43	8	6	1	0	0	
0	1	58	75	50	37	22	4	5	1	0	
0	0	43	72	56	29	38	6	5	3	0	
1	0	36	54	65	36	38	14	3	6	0	
1	0	27	55	63	39	29	27	3	6	0	
4	0	21	51	58	46	22	35	10	4	0	
6	0	13	51	54	51	25	31	18	3	0	
7	0	6	52	49	54	26	29	25	2	0	
10	0	5	48	49	53	27	23	33	5	0	
10	0	1	49	49	52	29	22	35	8	0	
8	0	0	49	50	48	32	20	33	11	0	
10	0	1	43	50	49	36	21	31	12	0	
10	0	2	43	47	48	38	18	33	16	0	
8	0	0	45	48	46	37	20	32	16	0	
9	0	1	42	51	44	36	23	32	16	0	
8	0	0	47	49	43	36	23	29	19	0	
7	0	0	44	50	45	36	22	31	16	0	
9	0	0	45	47	44	39	21	29	19	0	
9	0	0	44	47	48	35	24	27	20	0	
8	0	0	43	48	50	33	23	29	19	0	
8	0	0	43	47	53	35	19	28	20	0	
8	0	2	39	52	52	31	22	28	19	0	
8	0	1	39	54	51	35	21	26	16	0	
10	0	2	39	50	52	36	21	27	17	0	
9	0	1	39	53	49	38	21	27	16	0	
9	0	1	40	52	46	40	20	28	19	0	
7	0	0	40	53	48	38	21	27	16	0	
10	0	1	40	51	52	34	25	24	16	0	
10	0	1	40	51	48	37	24	25	18	0	
9	0	1	41	49	51	36	21	28	16	0	
10	0	1	40	52	49	35	24	29	13	0	
10	0	0	39	49	56	33	25	27	14	0	
10	0	0	41	52	50	33	26	26	14	0	
11	0	1	39	52	51	34	24	26	20	0	
6	0	1	40	54	50	34	21	29	16	0	
8	0	0	42	54	48	33	24	26	17	0	
9	0	1	41	53	47	35	21	28	19	0	
8	0	1	41	54	49	33	21	30	15	0	
9	0	1	40	55	49	33	23	31	12	0	
9	0	1	42	52	50	32	24	31	13	0	
8	0	1	41	52	48	36	25	29	12	0	
9	0	1	40	53	49	33	28	26	14	0	
9	0	1	42	50	50	32	26	28	16	0	
8	0	2	37	53	49	34	25	30	13	0	
10	0	1	41	49	51	34	26	29	13	0	
9	0	14	46	63	45	23	34	18	10	0	
0	0	0	0	0	0	0	0	0	0	0	
0	0	0	0	0	0	0	0	0	0	0	
0	0	0	0	0	0	0	0	0	0	0	
0	0	0	0	0	0	0	0	0	0	0	
0	0	0	0	0	0	0	0	0	0	0	
0	0	0	0	0	0	0	0	0	0	0	
0	0	0	0	0	0	0	0	0	0	0	
0	0	0	0	0	0	0	0	0	0	0	
0	0	0	0	0	0	0	0	0	0	0	
0	0	0	0	0	0	0	0	0	0	0	
0	0	0	0	0	0	0	0	0	0	0	
0	0	0	0	0	0	0	0	0	0	0	
0	0	0	0	0	0	0	0	0	0	0	
0	0	0	0	0	0	0	0	0	0	0	
0	0	0	0	0	0	0	0	0	0	0	
0	0	0	0	0	0	0	0	0	0	0	
0	0	0	0	0	0	0	0	0	0	0	
0	0	0	0	0	0	0	0	0	0	0	
0	0	0	0	0	0	0	0	0	0	0	
0	0	0	0	0	0	0	0	0	0	0	
0	0	0	0	0	0	0	0	0	0	0	
0	0	0	0	0	0	0	0	0	0	0	
0	0	0	0	0	0	0	0	0	0	0	
0	0	0	0	0	0	0	0	0	0	0	
0	0	0	0	0	0	0	0	0	0	0	
0	0	0	0	0	0	0	0	0	0	0	
0	0	0	0	0	0	0	0	0	0	0	
0	0	0	0	0	0	0	0	0	0	0	
0	0	0	0	0	0	0	0	0	0	0	
0	0	0	0	0	0	0	0	0	0	0	
0	0	0	0	0	0	0	0	0	0	0	
0	0	0	0	0	0	0	0	0	0	0	
0	0	0	0	0	0	0	0	0	0	0	
0	0	0	0	0	0	0	0	0	0	0	
0	0	0	0	0	0	0	0	0	0	0	
0	0	0	0	0	0	0	0	0	0	0	
0	0	0	0	0	0	0	0	0	0	0	
0	0	0	0	0	0	0	0	0	0	0	
0	0	0	0	0	0	0	0	0	0	0	
0	0	0	0	0	0	0	0	0	0	0	
0	0	0	0	0	0	0	0	0	0	0	
0	0	0	0	0	0	0	0	0	0	0	
0	0	0	0	0	0	0	0	0	0	0	
0	0	0	0	0	0	0	0	0	0	0	
0	0	0	0	0	0	0	0	0	0	0	
0	0	0	0	0	0	0	0	0	0	0	
0	0	0	0	0	0	0	0	0	0	0	
0	0	0	0	0	0	0	0	0	0	0	
0	0	0	0	0	0	0	0	0	0	0	
0	0	0	0	0	0	0	0	0	0	0	
0	0	0	0	0	0	0	0	0	0	0	
0	0	0	0	0	0	0	0	0	0	0	
0	0	0	0	0	0	0	0	0	0	0	
0	0	0	0	0	0	0	0	0	0	0	
0	0	0	0	0	0	0	0	0	0	0	
0	0	0	0	0	0	0	0	0	0	0	
0	0	0	0	0	0	0	0	0	0	0	
-------------------------Number of TCAM Overflow occurence-----------------
0
0
0
0
0
0
0
0
0
1
1
4
6
7
10
10
8
10
10
8
9
8
7
9
9
8
8
8
8
10
9
9
7
10
10
9
10
10
10
11
6
8
9
8
9
9
8
9
9
8
10
9
0
0
0
0
0
0
0
0
0
0
0
0
0
0
0
0
0
0
0
0
0
0
0
0
0
0
0
0
0
0
0
0
0
0
0
0
0
0
0
0
0
0
0
0
0
0
0
0
0
0
0
0
0
0
0
0
0
0
