-------------------------Distribution of TCAM Usage------------------------
252	-1	-1	-1	-1	-1	-1	-1	-1	-1	-1	
252	-1	-1	-1	-1	-1	-1	-1	-1	-1	-1	
252	-1	-1	-1	-1	-1	-1	-1	-1	-1	-1	
252	-1	-1	-1	-1	-1	-1	-1	-1	-1	-1	
252	-1	-1	-1	-1	-1	-1	-1	-1	-1	-1	
252	-1	-1	-1	-1	-1	-1	-1	-1	-1	-1	
252	-1	-1	-1	-1	-1	-1	-1	-1	-1	-1	
251	0	-1	-1	-1	-1	-1	-1	-1	-1	-1	
251	0	-1	-1	-1	-1	-1	-1	-1	-1	-1	
247	4	-1	-1	-1	-1	-1	-1	-1	-1	-1	
246	5	-1	-1	-1	-1	-1	-1	-1	-1	-1	
244	7	-1	-1	-1	-1	-1	-1	-1	-1	-1	
242	9	-1	-1	-1	-1	-1	-1	-1	-1	-1	
241	10	-1	-1	-1	-1	-1	-1	-1	-1	-1	
238	13	-1	-1	-1	-1	-1	-1	-1	-1	-1	
235	16	-1	-1	-1	-1	-1	-1	-1	-1	-1	
227	24	-1	-1	-1	-1	-1	-1	-1	-1	-1	
224	27	-1	-1	-1	-1	-1	-1	-1	-1	-1	
221	30	-1	-1	-1	-1	-1	-1	-1	-1	-1	
218	33	-1	-1	-1	-1	-1	-1	-1	-1	-1	
220	31	-1	-1	-1	-1	-1	-1	-1	-1	-1	
221	30	-1	-1	-1	-1	-1	-1	-1	-1	-1	
222	29	-1	-1	-1	-1	-1	-1	-1	-1	-1	
222	29	-1	-1	-1	-1	-1	-1	-1	-1	-1	
223	28	-1	-1	-1	-1	-1	-1	-1	-1	-1	
224	27	-1	-1	-1	-1	-1	-1	-1	-1	-1	
224	27	-1	-1	-1	-1	-1	-1	-1	-1	-1	
222	29	-1	-1	-1	-1	-1	-1	-1	-1	-1	
223	28	-1	-1	-1	-1	-1	-1	-1	-1	-1	
223	28	-1	-1	-1	-1	-1	-1	-1	-1	-1	
221	30	-1	-1	-1	-1	-1	-1	-1	-1	-1	
222	29	-1	-1	-1	-1	-1	-1	-1	-1	-1	
224	27	-1	-1	-1	-1	-1	-1	-1	-1	-1	
225	26	-1	-1	-1	-1	-1	-1	-1	-1	-1	
224	27	-1	-1	-1	-1	-1	-1	-1	-1	-1	
222	29	-1	-1	-1	-1	-1	-1	-1	-1	-1	
226	25	-1	-1	-1	-1	-1	-1	-1	-1	-1	
226	25	-1	-1	-1	-1	-1	-1	-1	-1	-1	
228	23	-1	-1	-1	-1	-1	-1	-1	-1	-1	
224	27	-1	-1	-1	-1	-1	-1	-1	-1	-1	
224	27	-1	-1	-1	-1	-1	-1	-1	-1	-1	
227	24	-1	-1	-1	-1	-1	-1	-1	-1	-1	
225	26	-1	-1	-1	-1	-1	-1	-1	-1	-1	
225	26	-1	-1	-1	-1	-1	-1	-1	-1	-1	
226	25	-1	-1	-1	-1	-1	-1	-1	-1	-1	
227	24	-1	-1	-1	-1	-1	-1	-1	-1	-1	
227	24	-1	-1	-1	-1	-1	-1	-1	-1	-1	
226	25	-1	-1	-1	-1	-1	-1	-1	-1	-1	
227	24	-1	-1	-1	-1	-1	-1	-1	-1	-1	
223	28	-1	-1	-1	-1	-1	-1	-1	-1	-1	
225	26	-1	-1	-1	-1	-1	-1	-1	-1	-1	
224	27	-1	-1	-1	-1	-1	-1	-1	-1	-1	
236	15	-1	-1	-1	-1	-1	-1	-1	-1	-1	
-1	-1	-1	-1	-1	-1	-1	-1	-1	-1	-1	
-1	-1	-1	-1	-1	-1	-1	-1	-1	-1	-1	
-1	-1	-1	-1	-1	-1	-1	-1	-1	-1	-1	
-1	-1	-1	-1	-1	-1	-1	-1	-1	-1	-1	
-1	-1	-1	-1	-1	-1	-1	-1	-1	-1	-1	
-1	-1	-1	-1	-1	-1	-1	-1	-1	-1	-1	
-1	-1	-1	-1	-1	-1	-1	-1	-1	-1	-1	
-1	-1	-1	-1	-1	-1	-1	-1	-1	-1	-1	
-1	-1	-1	-1	-1	-1	-1	-1	-1	-1	-1	
-1	-1	-1	-1	-1	-1	-1	-1	-1	-1	-1	
-1	-1	-1	-1	-1	-1	-1	-1	-1	-1	-1	
-1	-1	-1	-1	-1	-1	-1	-1	-1	-1	-1	
-1	-1	-1	-1	-1	-1	-1	-1	-1	-1	-1	
-1	-1	-1	-1	-1	-1	-1	-1	-1	-1	-1	
-1	-1	-1	-1	-1	-1	-1	-1	-1	-1	-1	
-1	-1	-1	-1	-1	-1	-1	-1	-1	-1	-1	
-1	-1	-1	-1	-1	-1	-1	-1	-1	-1	-1	
-1	-1	-1	-1	-1	-1	-1	-1	-1	-1	-1	
-1	-1	-1	-1	-1	-1	-1	-1	-1	-1	-1	
-1	-1	-1	-1	-1	-1	-1	-1	-1	-1	-1	
-1	-1	-1	-1	-1	-1	-1	-1	-1	-1	-1	
-1	-1	-1	-1	-1	-1	-1	-1	-1	-1	-1	
-1	-1	-1	-1	-1	-1	-1	-1	-1	-1	-1	
-1	-1	-1	-1	-1	-1	-1	-1	-1	-1	-1	
-1	-1	-1	-1	-1	-1	-1	-1	-1	-1	-1	
-1	-1	-1	-1	-1	-1	-1	-1	-1	-1	-1	
-1	-1	-1	-1	-1	-1	-1	-1	-1	-1	-1	
-1	-1	-1	-1	-1	-1	-1	-1	-1	-1	-1	
-1	-1	-1	-1	-1	-1	-1	-1	-1	-1	-1	
-1	-1	-1	-1	-1	-1	-1	-1	-1	-1	-1	
-1	-1	-1	-1	-1	-1	-1	-1	-1	-1	-1	
-1	-1	-1	-1	-1	-1	-1	-1	-1	-1	-1	
-1	-1	-1	-1	-1	-1	-1	-1	-1	-1	-1	
-1	-1	-1	-1	-1	-1	-1	-1	-1	-1	-1	
-1	-1	-1	-1	-1	-1	-1	-1	-1	-1	-1	
-1	-1	-1	-1	-1	-1	-1	-1	-1	-1	-1	
-1	-1	-1	-1	-1	-1	-1	-1	-1	-1	-1	
-1	-1	-1	-1	-1	-1	-1	-1	-1	-1	-1	
-1	-1	-1	-1	-1	-1	-1	-1	-1	-1	-1	
-1	-1	-1	-1	-1	-1	-1	-1	-1	-1	-1	
-1	-1	-1	-1	-1	-1	-1	-1	-1	-1	-1	
-1	-1	-1	-1	-1	-1	-1	-1	-1	-1	-1	
-1	-1	-1	-1	-1	-1	-1	-1	-1	-1	-1	
-1	-1	-1	-1	-1	-1	-1	-1	-1	-1	-1	
-1	-1	-1	-1	-1	-1	-1	-1	-1	-1	-1	
-1	-1	-1	-1	-1	-1	-1	-1	-1	-1	-1	
-1	-1	-1	-1	-1	-1	-1	-1	-1	-1	-1	
-1	-1	-1	-1	-1	-1	-1	-1	-1	-1	-1	
-1	-1	-1	-1	-1	-1	-1	-1	-1	-1	-1	
-1	-1	-1	-1	-1	-1	-1	-1	-1	-1	-1	
-1	-1	-1	-1	-1	-1	-1	-1	-1	-1	-1	
-1	-1	-1	-1	-1	-1	-1	-1	-1	-1	-1	
-1	-1	-1	-1	-1	-1	-1	-1	-1	-1	-1	
-1	-1	-1	-1	-1	-1	-1	-1	-1	-1	-1	
-1	-1	-1	-1	-1	-1	-1	-1	-1	-1	-1	
-1	-1	-1	-1	-1	-1	-1	-1	-1	-1	-1	
-1	-1	-1	-1	-1	-1	-1	-1	-1	-1	-1	
-------------------------Number of TCAM Overflow occurence-----------------
-1
-1
-1
-1
-1
-1
-1
-1
-1
-1
-1
-1
-1
-1
-1
-1
-1
-1
-1
-1
-1
-1
-1
-1
-1
-1
-1
-1
-1
-1
-1
-1
-1
-1
-1
-1
-1
-1
-1
-1
-1
-1
-1
-1
-1
-1
-1
-1
-1
-1
-1
-1
-1
-1
-1
-1
-1
-1
-1
-1
-1
-1
-1
-1
-1
-1
-1
-1
-1
-1
-1
-1
-1
-1
-1
-1
-1
-1
-1
-1
-1
-1
-1
-1
-1
-1
-1
-1
-1
-1
-1
-1
-1
-1
-1
-1
-1
-1
-1
-1
-1
-1
-1
-1
-1
-1
-1
-1
-1
-1
