-------------------------Distribution of TCAM Usage------------------------
252	-1	-1	-1	-1	-1	-1	-1	-1	-1	-1	
252	-1	-1	-1	-1	-1	-1	-1	-1	-1	-1	
251	0	-1	-1	-1	-1	-1	-1	-1	-1	-1	
244	7	-1	-1	-1	-1	-1	-1	-1	-1	-1	
220	31	-1	-1	-1	-1	-1	-1	-1	-1	-1	
190	61	-1	-1	-1	-1	-1	-1	-1	-1	-1	
166	84	0	-1	-1	-1	-1	-1	-1	-1	-1	
141	106	3	-1	-1	-1	-1	-1	-1	-1	-1	
113	131	5	0	-1	-1	-1	-1	-1	-1	-1	
98	143	8	0	-1	-1	-1	-1	-1	-1	-1	
79	160	10	0	0	-1	-1	-1	-1	-1	-1	
68	161	18	2	0	-1	-1	-1	-1	-1	-1	
57	164	24	4	0	-1	-1	-1	-1	-1	-1	
53	158	32	6	1	-1	-1	-1	-1	-1	-1	
45	157	40	7	2	-1	-1	-1	-1	-1	-1	
41	154	47	7	3	-1	-1	-1	-1	-1	-1	
40	154	46	9	3	-1	-1	-1	-1	-1	-1	
37	155	48	9	5	-1	-1	-1	-1	-1	-1	
36	156	48	9	3	-1	-1	-1	-1	-1	-1	
33	157	50	9	3	-1	-1	-1	-1	-1	-1	
37	152	51	9	2	-1	-1	-1	-1	-1	-1	
38	149	53	9	0	-1	-1	-1	-1	-1	-1	
37	150	53	9	0	-1	-1	-1	-1	-1	-1	
39	148	53	9	1	-1	-1	-1	-1	-1	-1	
32	155	53	9	4	-1	-1	-1	-1	-1	-1	
34	154	52	9	3	-1	-1	-1	-1	-1	-1	
36	152	52	9	3	-1	-1	-1	-1	-1	-1	
35	154	50	10	3	-1	-1	-1	-1	-1	-1	
34	154	52	9	4	-1	-1	-1	-1	-1	-1	
33	153	55	8	4	-1	-1	-1	-1	-1	-1	
36	152	52	9	2	-1	-1	-1	-1	-1	-1	
37	152	52	8	4	-1	-1	-1	-1	-1	-1	
37	152	50	10	2	-1	-1	-1	-1	-1	-1	
35	153	52	9	5	-1	-1	-1	-1	-1	-1	
34	155	51	9	3	-1	-1	-1	-1	-1	-1	
33	156	51	9	4	-1	-1	-1	-1	-1	-1	
36	151	53	9	4	-1	-1	-1	-1	-1	-1	
34	155	51	9	5	-1	-1	-1	-1	-1	-1	
34	154	52	9	2	-1	-1	-1	-1	-1	-1	
36	152	52	9	4	-1	-1	-1	-1	-1	-1	
34	152	54	9	2	-1	-1	-1	-1	-1	-1	
38	149	54	8	4	-1	-1	-1	-1	-1	-1	
36	154	51	8	3	-1	-1	-1	-1	-1	-1	
35	152	53	9	3	-1	-1	-1	-1	-1	-1	
39	150	51	9	2	-1	-1	-1	-1	-1	-1	
37	150	53	9	3	-1	-1	-1	-1	-1	-1	
39	148	53	9	4	-1	-1	-1	-1	-1	-1	
39	150	51	9	5	-1	-1	-1	-1	-1	-1	
37	151	52	9	3	-1	-1	-1	-1	-1	-1	
37	152	51	9	1	-1	-1	-1	-1	-1	-1	
37	151	52	9	3	-1	-1	-1	-1	-1	-1	
34	154	53	8	2	-1	-1	-1	-1	-1	-1	
50	160	34	5	-1	-1	-1	-1	-1	-1	-1	
-1	-1	-1	-1	-1	-1	-1	-1	-1	-1	-1	
-1	-1	-1	-1	-1	-1	-1	-1	-1	-1	-1	
-1	-1	-1	-1	-1	-1	-1	-1	-1	-1	-1	
-1	-1	-1	-1	-1	-1	-1	-1	-1	-1	-1	
-1	-1	-1	-1	-1	-1	-1	-1	-1	-1	-1	
-1	-1	-1	-1	-1	-1	-1	-1	-1	-1	-1	
-1	-1	-1	-1	-1	-1	-1	-1	-1	-1	-1	
-1	-1	-1	-1	-1	-1	-1	-1	-1	-1	-1	
-1	-1	-1	-1	-1	-1	-1	-1	-1	-1	-1	
-1	-1	-1	-1	-1	-1	-1	-1	-1	-1	-1	
-1	-1	-1	-1	-1	-1	-1	-1	-1	-1	-1	
-1	-1	-1	-1	-1	-1	-1	-1	-1	-1	-1	
-1	-1	-1	-1	-1	-1	-1	-1	-1	-1	-1	
-1	-1	-1	-1	-1	-1	-1	-1	-1	-1	-1	
-1	-1	-1	-1	-1	-1	-1	-1	-1	-1	-1	
-1	-1	-1	-1	-1	-1	-1	-1	-1	-1	-1	
-1	-1	-1	-1	-1	-1	-1	-1	-1	-1	-1	
-1	-1	-1	-1	-1	-1	-1	-1	-1	-1	-1	
-1	-1	-1	-1	-1	-1	-1	-1	-1	-1	-1	
-1	-1	-1	-1	-1	-1	-1	-1	-1	-1	-1	
-1	-1	-1	-1	-1	-1	-1	-1	-1	-1	-1	
-1	-1	-1	-1	-1	-1	-1	-1	-1	-1	-1	
-1	-1	-1	-1	-1	-1	-1	-1	-1	-1	-1	
-1	-1	-1	-1	-1	-1	-1	-1	-1	-1	-1	
-1	-1	-1	-1	-1	-1	-1	-1	-1	-1	-1	
-1	-1	-1	-1	-1	-1	-1	-1	-1	-1	-1	
-1	-1	-1	-1	-1	-1	-1	-1	-1	-1	-1	
-1	-1	-1	-1	-1	-1	-1	-1	-1	-1	-1	
-1	-1	-1	-1	-1	-1	-1	-1	-1	-1	-1	
-1	-1	-1	-1	-1	-1	-1	-1	-1	-1	-1	
-1	-1	-1	-1	-1	-1	-1	-1	-1	-1	-1	
-1	-1	-1	-1	-1	-1	-1	-1	-1	-1	-1	
-1	-1	-1	-1	-1	-1	-1	-1	-1	-1	-1	
-1	-1	-1	-1	-1	-1	-1	-1	-1	-1	-1	
-1	-1	-1	-1	-1	-1	-1	-1	-1	-1	-1	
-1	-1	-1	-1	-1	-1	-1	-1	-1	-1	-1	
-1	-1	-1	-1	-1	-1	-1	-1	-1	-1	-1	
-1	-1	-1	-1	-1	-1	-1	-1	-1	-1	-1	
-1	-1	-1	-1	-1	-1	-1	-1	-1	-1	-1	
-1	-1	-1	-1	-1	-1	-1	-1	-1	-1	-1	
-1	-1	-1	-1	-1	-1	-1	-1	-1	-1	-1	
-1	-1	-1	-1	-1	-1	-1	-1	-1	-1	-1	
-1	-1	-1	-1	-1	-1	-1	-1	-1	-1	-1	
-1	-1	-1	-1	-1	-1	-1	-1	-1	-1	-1	
-1	-1	-1	-1	-1	-1	-1	-1	-1	-1	-1	
-1	-1	-1	-1	-1	-1	-1	-1	-1	-1	-1	
-1	-1	-1	-1	-1	-1	-1	-1	-1	-1	-1	
-1	-1	-1	-1	-1	-1	-1	-1	-1	-1	-1	
-1	-1	-1	-1	-1	-1	-1	-1	-1	-1	-1	
-1	-1	-1	-1	-1	-1	-1	-1	-1	-1	-1	
-1	-1	-1	-1	-1	-1	-1	-1	-1	-1	-1	
-1	-1	-1	-1	-1	-1	-1	-1	-1	-1	-1	
-1	-1	-1	-1	-1	-1	-1	-1	-1	-1	-1	
-1	-1	-1	-1	-1	-1	-1	-1	-1	-1	-1	
-1	-1	-1	-1	-1	-1	-1	-1	-1	-1	-1	
-1	-1	-1	-1	-1	-1	-1	-1	-1	-1	-1	
-1	-1	-1	-1	-1	-1	-1	-1	-1	-1	-1	
-------------------------Number of TCAM Overflow occurence-----------------
-1
-1
-1
-1
-1
-1
-1
-1
-1
-1
0
0
0
1
2
3
3
5
3
3
2
0
0
1
4
3
3
3
4
4
2
4
2
5
3
4
4
5
2
4
2
4
3
3
2
3
4
5
3
1
3
2
-1
-1
-1
-1
-1
-1
-1
-1
-1
-1
-1
-1
-1
-1
-1
-1
-1
-1
-1
-1
-1
-1
-1
-1
-1
-1
-1
-1
-1
-1
-1
-1
-1
-1
-1
-1
-1
-1
-1
-1
-1
-1
-1
-1
-1
-1
-1
-1
-1
-1
-1
-1
-1
-1
-1
-1
-1
-1
