-------------------------Distribution of TCAM Usage------------------------
244	9	0	0	0	0	0	0	0	0	0	
139	107	7	0	0	0	0	0	0	0	0	
51	156	41	5	0	0	0	0	0	0	0	
11	146	82	12	2	0	0	0	0	0	0	
0	110	85	48	9	1	0	0	0	0	0	
0	67	101	64	14	6	1	0	0	0	0	
0	42	101	57	42	7	3	1	0	0	0	
0	30	83	71	46	15	7	0	1	0	0	
0	14	75	72	47	34	5	5	0	1	0	
0	5	65	76	47	37	15	4	3	1	0	
0	2	56	74	51	38	22	5	4	0	0	
1	0	48	69	57	32	34	5	5	2	0	
1	0	42	64	60	34	34	10	4	4	0	
1	0	37	61	54	43	31	17	3	5	0	
2	0	31	57	58	41	32	23	3	5	0	
3	0	30	53	56	43	27	29	7	4	0	
4	0	23	57	53	43	28	34	5	6	0	
4	0	20	57	56	42	27	32	9	4	0	
6	0	15	59	57	42	26	33	11	6	0	
4	0	15	61	58	39	26	36	8	6	0	
4	0	15	57	62	37	30	31	11	7	0	
3	0	18	58	58	37	27	33	12	9	0	
1	0	17	56	58	42	23	33	14	9	0	
1	0	18	55	53	47	22	35	13	8	0	
2	0	15	62	52	42	25	35	12	5	0	
5	0	17	57	55	41	25	35	13	6	0	
4	0	15	55	61	40	24	36	12	6	0	
4	0	17	52	63	40	24	35	11	7	0	
4	0	14	58	58	42	25	33	13	5	0	
5	0	19	48	58	47	25	31	16	4	0	
5	0	19	53	57	43	27	29	15	7	0	
3	0	18	54	55	44	26	30	17	4	0	
5	0	16	56	58	40	27	30	15	8	0	
3	0	17	54	57	46	22	32	15	4	0	
6	0	19	50	57	46	25	31	15	6	0	
4	0	18	51	60	41	26	31	16	5	0	
5	0	19	52	62	37	27	30	16	5	0	
5	0	19	52	57	43	28	32	12	4	0	
6	0	19	50	63	38	32	29	12	7	0	
3	0	19	51	57	43	32	29	12	5	0	
5	0	21	49	60	43	27	31	12	7	0	
3	0	19	51	60	42	27	32	13	4	0	
5	0	18	54	58	43	27	33	11	5	0	
4	0	20	52	58	40	29	33	11	6	0	
4	0	19	53	61	38	31	27	14	7	0	
3	0	17	56	56	45	28	28	13	6	0	
4	0	18	54	58	42	28	31	12	5	0	
5	0	20	50	57	47	27	28	14	4	0	
6	0	21	51	56	44	28	29	14	6	0	
4	0	21	51	56	44	30	27	14	8	0	
2	0	18	55	54	45	31	26	14	6	0	
4	0	20	54	56	43	27	29	15	6	0	
3	0	33	58	66	33	33	16	8	6	0	
0	0	0	0	0	0	0	0	0	0	0	
0	0	0	0	0	0	0	0	0	0	0	
0	0	0	0	0	0	0	0	0	0	0	
0	0	0	0	0	0	0	0	0	0	0	
0	0	0	0	0	0	0	0	0	0	0	
0	0	0	0	0	0	0	0	0	0	0	
0	0	0	0	0	0	0	0	0	0	0	
0	0	0	0	0	0	0	0	0	0	0	
0	0	0	0	0	0	0	0	0	0	0	
0	0	0	0	0	0	0	0	0	0	0	
0	0	0	0	0	0	0	0	0	0	0	
0	0	0	0	0	0	0	0	0	0	0	
0	0	0	0	0	0	0	0	0	0	0	
0	0	0	0	0	0	0	0	0	0	0	
0	0	0	0	0	0	0	0	0	0	0	
0	0	0	0	0	0	0	0	0	0	0	
0	0	0	0	0	0	0	0	0	0	0	
0	0	0	0	0	0	0	0	0	0	0	
0	0	0	0	0	0	0	0	0	0	0	
0	0	0	0	0	0	0	0	0	0	0	
0	0	0	0	0	0	0	0	0	0	0	
0	0	0	0	0	0	0	0	0	0	0	
0	0	0	0	0	0	0	0	0	0	0	
0	0	0	0	0	0	0	0	0	0	0	
0	0	0	0	0	0	0	0	0	0	0	
0	0	0	0	0	0	0	0	0	0	0	
0	0	0	0	0	0	0	0	0	0	0	
0	0	0	0	0	0	0	0	0	0	0	
0	0	0	0	0	0	0	0	0	0	0	
0	0	0	0	0	0	0	0	0	0	0	
0	0	0	0	0	0	0	0	0	0	0	
0	0	0	0	0	0	0	0	0	0	0	
0	0	0	0	0	0	0	0	0	0	0	
0	0	0	0	0	0	0	0	0	0	0	
0	0	0	0	0	0	0	0	0	0	0	
0	0	0	0	0	0	0	0	0	0	0	
0	0	0	0	0	0	0	0	0	0	0	
0	0	0	0	0	0	0	0	0	0	0	
0	0	0	0	0	0	0	0	0	0	0	
0	0	0	0	0	0	0	0	0	0	0	
0	0	0	0	0	0	0	0	0	0	0	
0	0	0	0	0	0	0	0	0	0	0	
0	0	0	0	0	0	0	0	0	0	0	
0	0	0	0	0	0	0	0	0	0	0	
0	0	0	0	0	0	0	0	0	0	0	
0	0	0	0	0	0	0	0	0	0	0	
0	0	0	0	0	0	0	0	0	0	0	
0	0	0	0	0	0	0	0	0	0	0	
0	0	0	0	0	0	0	0	0	0	0	
0	0	0	0	0	0	0	0	0	0	0	
0	0	0	0	0	0	0	0	0	0	0	
0	0	0	0	0	0	0	0	0	0	0	
0	0	0	0	0	0	0	0	0	0	0	
0	0	0	0	0	0	0	0	0	0	0	
0	0	0	0	0	0	0	0	0	0	0	
0	0	0	0	0	0	0	0	0	0	0	
0	0	0	0	0	0	0	0	0	0	0	
-------------------------Number of TCAM Overflow occurence-----------------
0
0
0
0
0
0
0
0
0
0
1
1
1
2
3
4
4
6
4
4
3
1
1
2
5
4
4
4
5
5
3
5
3
6
4
5
5
6
3
5
3
5
4
4
3
4
5
6
4
2
4
3
0
0
0
0
0
0
0
0
0
0
0
0
0
0
0
0
0
0
0
0
0
0
0
0
0
0
0
0
0
0
0
0
0
0
0
0
0
0
0
0
0
0
0
0
0
0
0
0
0
0
0
0
0
0
0
0
0
0
