-------------------------Distribution of TCAM Usage------------------------
333	2	1	1	1	-1	-1	-1	-1	-1	-1	
329	4	2	3	3	-1	-1	-1	-1	-1	-1	
318	13	0	7	6	-1	-1	-1	-1	-1	-1	
308	17	6	7	7	-1	-1	-1	-1	-1	-1	
305	19	3	12	8	-1	-1	-1	-1	-1	-1	
289	29	7	14	12	-1	-1	-1	-1	-1	-1	
263	51	7	19	16	-1	-1	-1	-1	-1	-1	
235	76	10	20	19	-1	-1	-1	-1	-1	-1	
201	110	8	24	20	-1	-1	-1	-1	-1	-1	
173	137	4	29	22	-1	-1	-1	-1	-1	-1	
148	160	5	30	26	-1	-1	-1	-1	-1	-1	
123	180	7	33	28	-1	-1	-1	-1	-1	-1	
94	204	12	33	31	-1	-1	-1	-1	-1	-1	
78	216	16	33	32	-1	-1	-1	-1	-1	-1	
64	224	22	33	31	-1	-1	-1	-1	-1	-1	
50	235	25	33	32	-1	-1	-1	-1	-1	-1	
42	237	30	34	33	-1	-1	-1	-1	-1	-1	
41	238	30	34	32	-1	-1	-1	-1	-1	-1	
38	237	34	34	29	-1	-1	-1	-1	-1	-1	
39	237	33	34	31	-1	-1	-1	-1	-1	-1	
39	238	32	34	26	-1	-1	-1	-1	-1	-1	
37	240	30	36	25	-1	-1	-1	-1	-1	-1	
37	238	33	35	27	-1	-1	-1	-1	-1	-1	
38	237	33	35	24	-1	-1	-1	-1	-1	-1	
35	242	32	34	25	-1	-1	-1	-1	-1	-1	
36	242	30	35	29	-1	-1	-1	-1	-1	-1	
38	239	29	36	29	-1	-1	-1	-1	-1	-1	
39	233	36	34	27	-1	-1	-1	-1	-1	-1	
39	235	34	34	34	-1	-1	-1	-1	-1	-1	
40	234	33	35	32	-1	-1	-1	-1	-1	-1	
40	235	31	36	31	-1	-1	-1	-1	-1	-1	
38	236	33	35	31	-1	-1	-1	-1	-1	-1	
37	235	34	36	32	-1	-1	-1	-1	-1	-1	
41	234	32	35	32	-1	-1	-1	-1	-1	-1	
39	239	29	35	28	-1	-1	-1	-1	-1	-1	
42	235	30	35	31	-1	-1	-1	-1	-1	-1	
41	236	30	35	31	-1	-1	-1	-1	-1	-1	
42	237	28	35	28	-1	-1	-1	-1	-1	-1	
42	235	31	34	31	-1	-1	-1	-1	-1	-1	
40	236	31	34	28	-1	-1	-1	-1	-1	-1	
36	240	30	35	27	-1	-1	-1	-1	-1	-1	
38	237	32	35	27	-1	-1	-1	-1	-1	-1	
37	239	32	34	31	-1	-1	-1	-1	-1	-1	
35	241	32	34	30	-1	-1	-1	-1	-1	-1	
37	238	32	35	29	-1	-1	-1	-1	-1	-1	
38	235	31	37	29	-1	-1	-1	-1	-1	-1	
38	236	31	36	32	-1	-1	-1	-1	-1	-1	
36	239	29	36	29	-1	-1	-1	-1	-1	-1	
35	240	30	35	27	-1	-1	-1	-1	-1	-1	
40	237	28	35	29	-1	-1	-1	-1	-1	-1	
37	235	32	36	31	-1	-1	-1	-1	-1	-1	
46	229	28	37	27	-1	-1	-1	-1	-1	-1	
69	218	24	29	2	-1	-1	-1	-1	-1	-1	
-1	-1	-1	-1	-1	-1	-1	-1	-1	-1	-1	
-1	-1	-1	-1	-1	-1	-1	-1	-1	-1	-1	
-1	-1	-1	-1	-1	-1	-1	-1	-1	-1	-1	
-1	-1	-1	-1	-1	-1	-1	-1	-1	-1	-1	
-1	-1	-1	-1	-1	-1	-1	-1	-1	-1	-1	
-1	-1	-1	-1	-1	-1	-1	-1	-1	-1	-1	
-1	-1	-1	-1	-1	-1	-1	-1	-1	-1	-1	
-1	-1	-1	-1	-1	-1	-1	-1	-1	-1	-1	
-1	-1	-1	-1	-1	-1	-1	-1	-1	-1	-1	
-1	-1	-1	-1	-1	-1	-1	-1	-1	-1	-1	
-1	-1	-1	-1	-1	-1	-1	-1	-1	-1	-1	
-1	-1	-1	-1	-1	-1	-1	-1	-1	-1	-1	
-1	-1	-1	-1	-1	-1	-1	-1	-1	-1	-1	
-1	-1	-1	-1	-1	-1	-1	-1	-1	-1	-1	
-1	-1	-1	-1	-1	-1	-1	-1	-1	-1	-1	
-1	-1	-1	-1	-1	-1	-1	-1	-1	-1	-1	
-1	-1	-1	-1	-1	-1	-1	-1	-1	-1	-1	
-1	-1	-1	-1	-1	-1	-1	-1	-1	-1	-1	
-1	-1	-1	-1	-1	-1	-1	-1	-1	-1	-1	
-1	-1	-1	-1	-1	-1	-1	-1	-1	-1	-1	
-1	-1	-1	-1	-1	-1	-1	-1	-1	-1	-1	
-1	-1	-1	-1	-1	-1	-1	-1	-1	-1	-1	
-1	-1	-1	-1	-1	-1	-1	-1	-1	-1	-1	
-1	-1	-1	-1	-1	-1	-1	-1	-1	-1	-1	
-1	-1	-1	-1	-1	-1	-1	-1	-1	-1	-1	
-1	-1	-1	-1	-1	-1	-1	-1	-1	-1	-1	
-1	-1	-1	-1	-1	-1	-1	-1	-1	-1	-1	
-1	-1	-1	-1	-1	-1	-1	-1	-1	-1	-1	
-1	-1	-1	-1	-1	-1	-1	-1	-1	-1	-1	
-1	-1	-1	-1	-1	-1	-1	-1	-1	-1	-1	
-1	-1	-1	-1	-1	-1	-1	-1	-1	-1	-1	
-1	-1	-1	-1	-1	-1	-1	-1	-1	-1	-1	
-1	-1	-1	-1	-1	-1	-1	-1	-1	-1	-1	
-1	-1	-1	-1	-1	-1	-1	-1	-1	-1	-1	
-1	-1	-1	-1	-1	-1	-1	-1	-1	-1	-1	
-1	-1	-1	-1	-1	-1	-1	-1	-1	-1	-1	
-1	-1	-1	-1	-1	-1	-1	-1	-1	-1	-1	
-1	-1	-1	-1	-1	-1	-1	-1	-1	-1	-1	
-1	-1	-1	-1	-1	-1	-1	-1	-1	-1	-1	
-1	-1	-1	-1	-1	-1	-1	-1	-1	-1	-1	
-1	-1	-1	-1	-1	-1	-1	-1	-1	-1	-1	
-1	-1	-1	-1	-1	-1	-1	-1	-1	-1	-1	
-1	-1	-1	-1	-1	-1	-1	-1	-1	-1	-1	
-1	-1	-1	-1	-1	-1	-1	-1	-1	-1	-1	
-1	-1	-1	-1	-1	-1	-1	-1	-1	-1	-1	
-1	-1	-1	-1	-1	-1	-1	-1	-1	-1	-1	
-1	-1	-1	-1	-1	-1	-1	-1	-1	-1	-1	
-1	-1	-1	-1	-1	-1	-1	-1	-1	-1	-1	
-1	-1	-1	-1	-1	-1	-1	-1	-1	-1	-1	
-1	-1	-1	-1	-1	-1	-1	-1	-1	-1	-1	
-1	-1	-1	-1	-1	-1	-1	-1	-1	-1	-1	
-1	-1	-1	-1	-1	-1	-1	-1	-1	-1	-1	
-1	-1	-1	-1	-1	-1	-1	-1	-1	-1	-1	
-1	-1	-1	-1	-1	-1	-1	-1	-1	-1	-1	
-1	-1	-1	-1	-1	-1	-1	-1	-1	-1	-1	
-1	-1	-1	-1	-1	-1	-1	-1	-1	-1	-1	
-1	-1	-1	-1	-1	-1	-1	-1	-1	-1	-1	
-------------------------Number of TCAM Overflow occurence-----------------
1
3
6
7
8
12
16
19
20
22
26
28
31
32
31
32
33
32
29
31
26
25
27
24
25
29
29
27
34
32
31
31
32
32
28
31
31
28
31
28
27
27
31
30
29
29
32
29
27
29
31
27
2
-1
-1
-1
-1
-1
-1
-1
-1
-1
-1
-1
-1
-1
-1
-1
-1
-1
-1
-1
-1
-1
-1
-1
-1
-1
-1
-1
-1
-1
-1
-1
-1
-1
-1
-1
-1
-1
-1
-1
-1
-1
-1
-1
-1
-1
-1
-1
-1
-1
-1
-1
-1
-1
-1
-1
-1
-1
