-------------------------Distribution of TCAM Usage------------------------
225	28	0	0	0	0	0	0	0	0	0	
77	161	14	1	0	0	0	0	0	0	0	
6	150	84	12	1	0	0	0	0	0	0	
0	94	90	57	11	1	0	0	0	0	0	
0	52	97	52	42	7	3	0	0	0	0	
0	22	88	66	49	18	8	1	1	0	0	
0	1	76	79	36	45	7	8	0	1	0	
0	0	53	74	47	39	30	2	7	0	0	
1	0	37	66	59	29	42	10	3	6	0	
1	0	29	55	63	34	31	30	2	7	0	
2	0	20	53	55	44	26	33	12	2	0	
8	0	8	49	52	50	26	31	26	2	0	
9	0	3	43	48	54	34	24	29	8	0	
10	0	0	40	50	48	36	22	28	19	0	
10	0	0	36	48	46	37	25	24	22	0	
15	0	0	33	43	50	33	32	20	24	0	
18	0	0	30	45	45	39	25	24	22	0	
23	0	0	31	40	43	43	23	24	24	0	
25	0	0	28	39	44	42	25	24	28	0	
23	0	0	27	40	45	41	24	25	29	0	
22	0	0	26	43	41	43	24	24	33	0	
19	0	0	25	43	40	47	24	23	31	0	
20	0	0	26	43	39	47	23	24	29	0	
22	0	0	25	42	44	43	24	25	26	0	
24	0	0	24	42	45	43	26	22	32	0	
19	0	0	26	41	44	42	29	19	29	0	
23	0	0	28	39	42	42	30	21	30	0	
21	0	0	27	39	45	37	33	22	28	0	
22	0	0	27	39	48	34	33	22	26	0	
24	0	0	27	37	48	38	32	21	34	0	
16	0	0	27	38	48	38	31	20	31	0	
20	0	0	28	38	46	39	28	23	33	0	
18	0	0	28	42	39	41	32	20	30	0	
21	0	0	26	45	39	39	32	22	30	0	
20	0	0	26	42	41	40	32	21	31	0	
20	0	0	24	44	42	37	33	21	33	0	
19	0	0	25	42	44	38	30	22	32	0	
20	0	0	26	42	41	40	28	22	33	0	
21	0	0	25	40	44	37	32	23	30	0	
22	0	0	26	37	43	41	30	25	29	0	
22	0	0	26	40	43	38	31	23	32	0	
20	0	0	24	41	44	39	31	20	36	0	
18	0	0	24	42	42	40	31	21	36	0	
17	0	0	24	40	42	42	30	23	36	0	
16	0	0	25	40	42	41	28	24	33	0	
20	0	0	26	38	44	41	28	26	32	0	
18	0	0	26	40	46	39	26	25	31	0	
20	0	0	26	41	45	40	26	23	30	0	
22	0	0	26	39	49	37	26	22	34	0	
20	0	0	25	44	45	36	27	22	34	0	
20	0	0	26	39	47	41	23	23	36	0	
18	0	0	27	38	47	44	22	20	40	0	
15	0	1	35	54	49	34	21	33	26	0	
0	0	0	0	0	0	0	0	0	0	0	
0	0	0	0	0	0	0	0	0	0	0	
0	0	0	0	0	0	0	0	0	0	0	
0	0	0	0	0	0	0	0	0	0	0	
0	0	0	0	0	0	0	0	0	0	0	
0	0	0	0	0	0	0	0	0	0	0	
0	0	0	0	0	0	0	0	0	0	0	
0	0	0	0	0	0	0	0	0	0	0	
0	0	0	0	0	0	0	0	0	0	0	
0	0	0	0	0	0	0	0	0	0	0	
0	0	0	0	0	0	0	0	0	0	0	
0	0	0	0	0	0	0	0	0	0	0	
0	0	0	0	0	0	0	0	0	0	0	
0	0	0	0	0	0	0	0	0	0	0	
0	0	0	0	0	0	0	0	0	0	0	
0	0	0	0	0	0	0	0	0	0	0	
0	0	0	0	0	0	0	0	0	0	0	
0	0	0	0	0	0	0	0	0	0	0	
0	0	0	0	0	0	0	0	0	0	0	
0	0	0	0	0	0	0	0	0	0	0	
0	0	0	0	0	0	0	0	0	0	0	
0	0	0	0	0	0	0	0	0	0	0	
0	0	0	0	0	0	0	0	0	0	0	
0	0	0	0	0	0	0	0	0	0	0	
0	0	0	0	0	0	0	0	0	0	0	
0	0	0	0	0	0	0	0	0	0	0	
0	0	0	0	0	0	0	0	0	0	0	
0	0	0	0	0	0	0	0	0	0	0	
0	0	0	0	0	0	0	0	0	0	0	
0	0	0	0	0	0	0	0	0	0	0	
0	0	0	0	0	0	0	0	0	0	0	
0	0	0	0	0	0	0	0	0	0	0	
0	0	0	0	0	0	0	0	0	0	0	
0	0	0	0	0	0	0	0	0	0	0	
0	0	0	0	0	0	0	0	0	0	0	
0	0	0	0	0	0	0	0	0	0	0	
0	0	0	0	0	0	0	0	0	0	0	
0	0	0	0	0	0	0	0	0	0	0	
0	0	0	0	0	0	0	0	0	0	0	
0	0	0	0	0	0	0	0	0	0	0	
0	0	0	0	0	0	0	0	0	0	0	
0	0	0	0	0	0	0	0	0	0	0	
0	0	0	0	0	0	0	0	0	0	0	
0	0	0	0	0	0	0	0	0	0	0	
0	0	0	0	0	0	0	0	0	0	0	
0	0	0	0	0	0	0	0	0	0	0	
0	0	0	0	0	0	0	0	0	0	0	
0	0	0	0	0	0	0	0	0	0	0	
0	0	0	0	0	0	0	0	0	0	0	
0	0	0	0	0	0	0	0	0	0	0	
0	0	0	0	0	0	0	0	0	0	0	
0	0	0	0	0	0	0	0	0	0	0	
0	0	0	0	0	0	0	0	0	0	0	
0	0	0	0	0	0	0	0	0	0	0	
0	0	0	0	0	0	0	0	0	0	0	
0	0	0	0	0	0	0	0	0	0	0	
0	0	0	0	0	0	0	0	0	0	0	
-------------------------Number of TCAM Overflow occurence-----------------
0
0
0
0
0
0
0
1
1
2
8
9
10
10
15
18
23
25
23
22
19
20
22
24
19
23
21
22
24
16
20
18
21
20
20
19
20
21
22
22
20
18
17
16
20
18
20
22
20
20
18
15
0
0
0
0
0
0
0
0
0
0
0
0
0
0
0
0
0
0
0
0
0
0
0
0
0
0
0
0
0
0
0
0
0
0
0
0
0
0
0
0
0
0
0
0
0
0
0
0
0
0
0
0
0
0
0
0
0
0
