-------------------------Distribution of TCAM Usage------------------------
252	-1	-1	-1	-1	-1	-1	-1	-1	-1	-1	
252	-1	-1	-1	-1	-1	-1	-1	-1	-1	-1	
252	-1	-1	-1	-1	-1	-1	-1	-1	-1	-1	
249	2	-1	-1	-1	-1	-1	-1	-1	-1	-1	
243	8	-1	-1	-1	-1	-1	-1	-1	-1	-1	
222	29	-1	-1	-1	-1	-1	-1	-1	-1	-1	
194	57	-1	-1	-1	-1	-1	-1	-1	-1	-1	
177	73	0	-1	-1	-1	-1	-1	-1	-1	-1	
157	92	1	-1	-1	-1	-1	-1	-1	-1	-1	
139	108	3	-1	-1	-1	-1	-1	-1	-1	-1	
117	128	5	-1	-1	-1	-1	-1	-1	-1	-1	
105	137	7	0	-1	-1	-1	-1	-1	-1	-1	
96	146	7	0	-1	-1	-1	-1	-1	-1	-1	
85	156	8	0	-1	-1	-1	-1	-1	-1	-1	
81	157	10	1	0	-1	-1	-1	-1	-1	-1	
78	154	15	2	0	-1	-1	-1	-1	-1	-1	
73	155	18	3	0	-1	-1	-1	-1	-1	-1	
70	157	18	4	0	-1	-1	-1	-1	-1	-1	
65	158	22	4	0	-1	-1	-1	-1	-1	-1	
69	153	23	4	0	-1	-1	-1	-1	-1	-1	
64	160	21	4	1	-1	-1	-1	-1	-1	-1	
64	158	23	4	0	-1	-1	-1	-1	-1	-1	
64	161	20	4	0	-1	-1	-1	-1	-1	-1	
63	160	22	4	0	-1	-1	-1	-1	-1	-1	
64	159	21	5	0	-1	-1	-1	-1	-1	-1	
64	159	22	4	0	-1	-1	-1	-1	-1	-1	
63	160	22	4	0	-1	-1	-1	-1	-1	-1	
61	163	21	4	0	-1	-1	-1	-1	-1	-1	
62	160	22	5	0	-1	-1	-1	-1	-1	-1	
60	160	24	5	0	-1	-1	-1	-1	-1	-1	
63	160	21	5	0	-1	-1	-1	-1	-1	-1	
63	158	24	4	0	-1	-1	-1	-1	-1	-1	
64	157	26	2	0	-1	-1	-1	-1	-1	-1	
62	159	26	2	-1	-1	-1	-1	-1	-1	-1	
64	158	25	2	-1	-1	-1	-1	-1	-1	-1	
60	161	24	4	-1	-1	-1	-1	-1	-1	-1	
62	159	25	3	-1	-1	-1	-1	-1	-1	-1	
63	156	26	4	-1	-1	-1	-1	-1	-1	-1	
62	157	26	4	0	-1	-1	-1	-1	-1	-1	
63	158	24	4	0	-1	-1	-1	-1	-1	-1	
63	160	22	4	0	-1	-1	-1	-1	-1	-1	
61	163	21	4	0	-1	-1	-1	-1	-1	-1	
63	160	22	4	0	-1	-1	-1	-1	-1	-1	
64	157	24	4	-1	-1	-1	-1	-1	-1	-1	
65	156	25	3	-1	-1	-1	-1	-1	-1	-1	
64	155	26	4	-1	-1	-1	-1	-1	-1	-1	
62	156	28	3	-1	-1	-1	-1	-1	-1	-1	
60	157	28	4	0	-1	-1	-1	-1	-1	-1	
59	161	25	4	0	-1	-1	-1	-1	-1	-1	
58	161	26	4	0	-1	-1	-1	-1	-1	-1	
58	164	24	3	0	-1	-1	-1	-1	-1	-1	
63	162	20	4	-1	-1	-1	-1	-1	-1	-1	
86	153	10	0	-1	-1	-1	-1	-1	-1	-1	
-1	-1	-1	-1	-1	-1	-1	-1	-1	-1	-1	
-1	-1	-1	-1	-1	-1	-1	-1	-1	-1	-1	
-1	-1	-1	-1	-1	-1	-1	-1	-1	-1	-1	
-1	-1	-1	-1	-1	-1	-1	-1	-1	-1	-1	
-1	-1	-1	-1	-1	-1	-1	-1	-1	-1	-1	
-1	-1	-1	-1	-1	-1	-1	-1	-1	-1	-1	
-1	-1	-1	-1	-1	-1	-1	-1	-1	-1	-1	
-1	-1	-1	-1	-1	-1	-1	-1	-1	-1	-1	
-1	-1	-1	-1	-1	-1	-1	-1	-1	-1	-1	
-1	-1	-1	-1	-1	-1	-1	-1	-1	-1	-1	
-1	-1	-1	-1	-1	-1	-1	-1	-1	-1	-1	
-1	-1	-1	-1	-1	-1	-1	-1	-1	-1	-1	
-1	-1	-1	-1	-1	-1	-1	-1	-1	-1	-1	
-1	-1	-1	-1	-1	-1	-1	-1	-1	-1	-1	
-1	-1	-1	-1	-1	-1	-1	-1	-1	-1	-1	
-1	-1	-1	-1	-1	-1	-1	-1	-1	-1	-1	
-1	-1	-1	-1	-1	-1	-1	-1	-1	-1	-1	
-1	-1	-1	-1	-1	-1	-1	-1	-1	-1	-1	
-1	-1	-1	-1	-1	-1	-1	-1	-1	-1	-1	
-1	-1	-1	-1	-1	-1	-1	-1	-1	-1	-1	
-1	-1	-1	-1	-1	-1	-1	-1	-1	-1	-1	
-1	-1	-1	-1	-1	-1	-1	-1	-1	-1	-1	
-1	-1	-1	-1	-1	-1	-1	-1	-1	-1	-1	
-1	-1	-1	-1	-1	-1	-1	-1	-1	-1	-1	
-1	-1	-1	-1	-1	-1	-1	-1	-1	-1	-1	
-1	-1	-1	-1	-1	-1	-1	-1	-1	-1	-1	
-1	-1	-1	-1	-1	-1	-1	-1	-1	-1	-1	
-1	-1	-1	-1	-1	-1	-1	-1	-1	-1	-1	
-1	-1	-1	-1	-1	-1	-1	-1	-1	-1	-1	
-1	-1	-1	-1	-1	-1	-1	-1	-1	-1	-1	
-1	-1	-1	-1	-1	-1	-1	-1	-1	-1	-1	
-1	-1	-1	-1	-1	-1	-1	-1	-1	-1	-1	
-1	-1	-1	-1	-1	-1	-1	-1	-1	-1	-1	
-1	-1	-1	-1	-1	-1	-1	-1	-1	-1	-1	
-1	-1	-1	-1	-1	-1	-1	-1	-1	-1	-1	
-1	-1	-1	-1	-1	-1	-1	-1	-1	-1	-1	
-1	-1	-1	-1	-1	-1	-1	-1	-1	-1	-1	
-1	-1	-1	-1	-1	-1	-1	-1	-1	-1	-1	
-1	-1	-1	-1	-1	-1	-1	-1	-1	-1	-1	
-1	-1	-1	-1	-1	-1	-1	-1	-1	-1	-1	
-1	-1	-1	-1	-1	-1	-1	-1	-1	-1	-1	
-1	-1	-1	-1	-1	-1	-1	-1	-1	-1	-1	
-1	-1	-1	-1	-1	-1	-1	-1	-1	-1	-1	
-1	-1	-1	-1	-1	-1	-1	-1	-1	-1	-1	
-1	-1	-1	-1	-1	-1	-1	-1	-1	-1	-1	
-1	-1	-1	-1	-1	-1	-1	-1	-1	-1	-1	
-1	-1	-1	-1	-1	-1	-1	-1	-1	-1	-1	
-1	-1	-1	-1	-1	-1	-1	-1	-1	-1	-1	
-1	-1	-1	-1	-1	-1	-1	-1	-1	-1	-1	
-1	-1	-1	-1	-1	-1	-1	-1	-1	-1	-1	
-1	-1	-1	-1	-1	-1	-1	-1	-1	-1	-1	
-1	-1	-1	-1	-1	-1	-1	-1	-1	-1	-1	
-1	-1	-1	-1	-1	-1	-1	-1	-1	-1	-1	
-1	-1	-1	-1	-1	-1	-1	-1	-1	-1	-1	
-1	-1	-1	-1	-1	-1	-1	-1	-1	-1	-1	
-1	-1	-1	-1	-1	-1	-1	-1	-1	-1	-1	
-1	-1	-1	-1	-1	-1	-1	-1	-1	-1	-1	
-------------------------Number of TCAM Overflow occurence-----------------
-1
-1
-1
-1
-1
-1
-1
-1
-1
-1
-1
-1
-1
-1
0
0
0
0
0
0
1
0
0
0
0
0
0
0
0
0
0
0
0
-1
-1
-1
-1
-1
0
0
0
0
0
-1
-1
-1
-1
0
0
0
0
-1
-1
-1
-1
-1
-1
-1
-1
-1
-1
-1
-1
-1
-1
-1
-1
-1
-1
-1
-1
-1
-1
-1
-1
-1
-1
-1
-1
-1
-1
-1
-1
-1
-1
-1
-1
-1
-1
-1
-1
-1
-1
-1
-1
-1
-1
-1
-1
-1
-1
-1
-1
-1
-1
-1
-1
-1
-1
-1
