-------------------------Distribution of TCAM Usage------------------------
336	1	-1	1	0	-1	-1	-1	-1	-1	-1	
336	1	0	3	2	-1	-1	-1	-1	-1	-1	
328	6	2	4	4	-1	-1	-1	-1	-1	-1	
320	13	0	7	6	-1	-1	-1	-1	-1	-1	
313	18	2	7	7	-1	-1	-1	-1	-1	-1	
307	20	5	8	7	-1	-1	-1	-1	-1	-1	
302	21	7	10	10	-1	-1	-1	-1	-1	-1	
285	34	9	12	10	-1	-1	-1	-1	-1	-1	
273	46	5	16	15	-1	-1	-1	-1	-1	-1	
259	56	6	19	16	-1	-1	-1	-1	-1	-1	
243	69	7	21	19	-1	-1	-1	-1	-1	-1	
232	79	9	21	19	-1	-1	-1	-1	-1	-1	
210	102	9	21	21	-1	-1	-1	-1	-1	-1	
190	121	8	23	20	-1	-1	-1	-1	-1	-1	
175	136	7	24	21	-1	-1	-1	-1	-1	-1	
162	149	7	25	20	-1	-1	-1	-1	-1	-1	
157	150	9	27	23	-1	-1	-1	-1	-1	-1	
148	160	8	27	23	-1	-1	-1	-1	-1	-1	
144	163	9	26	21	-1	-1	-1	-1	-1	-1	
145	161	9	27	22	-1	-1	-1	-1	-1	-1	
149	156	11	26	20	-1	-1	-1	-1	-1	-1	
146	157	11	27	18	-1	-1	-1	-1	-1	-1	
144	159	12	26	20	-1	-1	-1	-1	-1	-1	
143	160	12	26	20	-1	-1	-1	-1	-1	-1	
144	160	11	26	17	-1	-1	-1	-1	-1	-1	
142	162	10	26	21	-1	-1	-1	-1	-1	-1	
136	169	9	26	20	-1	-1	-1	-1	-1	-1	
135	170	8	27	20	-1	-1	-1	-1	-1	-1	
137	166	10	27	19	-1	-1	-1	-1	-1	-1	
137	166	10	27	19	-1	-1	-1	-1	-1	-1	
141	163	8	28	21	-1	-1	-1	-1	-1	-1	
145	160	9	27	20	-1	-1	-1	-1	-1	-1	
142	165	7	27	22	-1	-1	-1	-1	-1	-1	
135	170	10	26	19	-1	-1	-1	-1	-1	-1	
144	158	12	26	20	-1	-1	-1	-1	-1	-1	
145	161	8	27	22	-1	-1	-1	-1	-1	-1	
145	160	10	27	21	-1	-1	-1	-1	-1	-1	
144	161	9	28	19	-1	-1	-1	-1	-1	-1	
148	157	10	27	19	-1	-1	-1	-1	-1	-1	
146	160	8	28	20	-1	-1	-1	-1	-1	-1	
146	160	7	28	23	-1	-1	-1	-1	-1	-1	
146	160	6	29	20	-1	-1	-1	-1	-1	-1	
147	159	5	30	19	-1	-1	-1	-1	-1	-1	
146	160	5	30	19	-1	-1	-1	-1	-1	-1	
140	165	6	29	20	-1	-1	-1	-1	-1	-1	
143	162	6	29	21	-1	-1	-1	-1	-1	-1	
147	158	6	29	23	-1	-1	-1	-1	-1	-1	
151	154	6	29	21	-1	-1	-1	-1	-1	-1	
144	162	7	28	17	-1	-1	-1	-1	-1	-1	
145	162	5	29	20	-1	-1	-1	-1	-1	-1	
143	165	6	28	18	-1	-1	-1	-1	-1	-1	
150	159	6	27	19	-1	-1	-1	-1	-1	-1	
177	133	13	19	2	-1	-1	-1	-1	-1	-1	
-1	-1	-1	-1	-1	-1	-1	-1	-1	-1	-1	
-1	-1	-1	-1	-1	-1	-1	-1	-1	-1	-1	
-1	-1	-1	-1	-1	-1	-1	-1	-1	-1	-1	
-1	-1	-1	-1	-1	-1	-1	-1	-1	-1	-1	
-1	-1	-1	-1	-1	-1	-1	-1	-1	-1	-1	
-1	-1	-1	-1	-1	-1	-1	-1	-1	-1	-1	
-1	-1	-1	-1	-1	-1	-1	-1	-1	-1	-1	
-1	-1	-1	-1	-1	-1	-1	-1	-1	-1	-1	
-1	-1	-1	-1	-1	-1	-1	-1	-1	-1	-1	
-1	-1	-1	-1	-1	-1	-1	-1	-1	-1	-1	
-1	-1	-1	-1	-1	-1	-1	-1	-1	-1	-1	
-1	-1	-1	-1	-1	-1	-1	-1	-1	-1	-1	
-1	-1	-1	-1	-1	-1	-1	-1	-1	-1	-1	
-1	-1	-1	-1	-1	-1	-1	-1	-1	-1	-1	
-1	-1	-1	-1	-1	-1	-1	-1	-1	-1	-1	
-1	-1	-1	-1	-1	-1	-1	-1	-1	-1	-1	
-1	-1	-1	-1	-1	-1	-1	-1	-1	-1	-1	
-1	-1	-1	-1	-1	-1	-1	-1	-1	-1	-1	
-1	-1	-1	-1	-1	-1	-1	-1	-1	-1	-1	
-1	-1	-1	-1	-1	-1	-1	-1	-1	-1	-1	
-1	-1	-1	-1	-1	-1	-1	-1	-1	-1	-1	
-1	-1	-1	-1	-1	-1	-1	-1	-1	-1	-1	
-1	-1	-1	-1	-1	-1	-1	-1	-1	-1	-1	
-1	-1	-1	-1	-1	-1	-1	-1	-1	-1	-1	
-1	-1	-1	-1	-1	-1	-1	-1	-1	-1	-1	
-1	-1	-1	-1	-1	-1	-1	-1	-1	-1	-1	
-1	-1	-1	-1	-1	-1	-1	-1	-1	-1	-1	
-1	-1	-1	-1	-1	-1	-1	-1	-1	-1	-1	
-1	-1	-1	-1	-1	-1	-1	-1	-1	-1	-1	
-1	-1	-1	-1	-1	-1	-1	-1	-1	-1	-1	
-1	-1	-1	-1	-1	-1	-1	-1	-1	-1	-1	
-1	-1	-1	-1	-1	-1	-1	-1	-1	-1	-1	
-1	-1	-1	-1	-1	-1	-1	-1	-1	-1	-1	
-1	-1	-1	-1	-1	-1	-1	-1	-1	-1	-1	
-1	-1	-1	-1	-1	-1	-1	-1	-1	-1	-1	
-1	-1	-1	-1	-1	-1	-1	-1	-1	-1	-1	
-1	-1	-1	-1	-1	-1	-1	-1	-1	-1	-1	
-1	-1	-1	-1	-1	-1	-1	-1	-1	-1	-1	
-1	-1	-1	-1	-1	-1	-1	-1	-1	-1	-1	
-1	-1	-1	-1	-1	-1	-1	-1	-1	-1	-1	
-1	-1	-1	-1	-1	-1	-1	-1	-1	-1	-1	
-1	-1	-1	-1	-1	-1	-1	-1	-1	-1	-1	
-1	-1	-1	-1	-1	-1	-1	-1	-1	-1	-1	
-1	-1	-1	-1	-1	-1	-1	-1	-1	-1	-1	
-1	-1	-1	-1	-1	-1	-1	-1	-1	-1	-1	
-1	-1	-1	-1	-1	-1	-1	-1	-1	-1	-1	
-1	-1	-1	-1	-1	-1	-1	-1	-1	-1	-1	
-1	-1	-1	-1	-1	-1	-1	-1	-1	-1	-1	
-1	-1	-1	-1	-1	-1	-1	-1	-1	-1	-1	
-1	-1	-1	-1	-1	-1	-1	-1	-1	-1	-1	
-1	-1	-1	-1	-1	-1	-1	-1	-1	-1	-1	
-1	-1	-1	-1	-1	-1	-1	-1	-1	-1	-1	
-1	-1	-1	-1	-1	-1	-1	-1	-1	-1	-1	
-1	-1	-1	-1	-1	-1	-1	-1	-1	-1	-1	
-1	-1	-1	-1	-1	-1	-1	-1	-1	-1	-1	
-1	-1	-1	-1	-1	-1	-1	-1	-1	-1	-1	
-1	-1	-1	-1	-1	-1	-1	-1	-1	-1	-1	
-------------------------Number of TCAM Overflow occurence-----------------
0
2
4
6
7
7
10
10
15
16
19
19
21
20
21
20
23
23
21
22
20
18
20
20
17
21
20
20
19
19
21
20
22
19
20
22
21
19
19
20
23
20
19
19
20
21
23
21
17
20
18
19
2
-1
-1
-1
-1
-1
-1
-1
-1
-1
-1
-1
-1
-1
-1
-1
-1
-1
-1
-1
-1
-1
-1
-1
-1
-1
-1
-1
-1
-1
-1
-1
-1
-1
-1
-1
-1
-1
-1
-1
-1
-1
-1
-1
-1
-1
-1
-1
-1
-1
-1
-1
-1
-1
-1
-1
-1
-1
