-------------------------Distribution of TCAM Usage------------------------
333	2	-1	-1	-1	-1	-1	-1	-1	-1	-1	
336	0	1	0	0	-1	-1	-1	-1	-1	-1	
335	2	-1	2	2	-1	-1	-1	-1	-1	-1	
334	3	0	2	2	-1	-1	-1	-1	-1	-1	
336	2	0	3	3	-1	-1	-1	-1	-1	-1	
333	3	2	3	3	-1	-1	-1	-1	-1	-1	
331	4	3	3	3	-1	-1	-1	-1	-1	-1	
329	6	1	5	3	-1	-1	-1	-1	-1	-1	
328	7	-1	7	6	-1	-1	-1	-1	-1	-1	
325	11	-1	7	7	-1	-1	-1	-1	-1	-1	
323	13	-1	7	7	-1	-1	-1	-1	-1	-1	
321	15	-1	7	7	-1	-1	-1	-1	-1	-1	
321	15	0	7	6	-1	-1	-1	-1	-1	-1	
321	14	1	7	6	-1	-1	-1	-1	-1	-1	
317	17	1	7	7	-1	-1	-1	-1	-1	-1	
315	18	2	7	7	-1	-1	-1	-1	-1	-1	
313	19	2	7	7	-1	-1	-1	-1	-1	-1	
312	20	2	7	7	-1	-1	-1	-1	-1	-1	
313	18	3	7	6	-1	-1	-1	-1	-1	-1	
311	21	2	7	5	-1	-1	-1	-1	-1	-1	
312	19	3	7	6	-1	-1	-1	-1	-1	-1	
313	20	2	7	4	-1	-1	-1	-1	-1	-1	
313	18	2	8	6	-1	-1	-1	-1	-1	-1	
314	17	3	7	7	-1	-1	-1	-1	-1	-1	
313	17	3	7	7	-1	-1	-1	-1	-1	-1	
313	18	3	7	6	-1	-1	-1	-1	-1	-1	
313	18	3	7	7	-1	-1	-1	-1	-1	-1	
312	19	3	7	7	-1	-1	-1	-1	-1	-1	
313	18	3	7	6	-1	-1	-1	-1	-1	-1	
313	18	2	7	5	-1	-1	-1	-1	-1	-1	
312	17	3	7	5	-1	-1	-1	-1	-1	-1	
311	17	4	7	5	-1	-1	-1	-1	-1	-1	
312	15	5	7	6	-1	-1	-1	-1	-1	-1	
312	15	5	7	6	-1	-1	-1	-1	-1	-1	
312	16	5	7	7	-1	-1	-1	-1	-1	-1	
313	16	4	7	7	-1	-1	-1	-1	-1	-1	
313	16	4	7	5	-1	-1	-1	-1	-1	-1	
311	18	4	7	6	-1	-1	-1	-1	-1	-1	
312	17	4	7	6	-1	-1	-1	-1	-1	-1	
311	18	4	7	7	-1	-1	-1	-1	-1	-1	
312	18	4	7	6	-1	-1	-1	-1	-1	-1	
312	19	3	7	7	-1	-1	-1	-1	-1	-1	
312	19	3	7	5	-1	-1	-1	-1	-1	-1	
312	18	4	7	5	-1	-1	-1	-1	-1	-1	
314	17	3	7	5	-1	-1	-1	-1	-1	-1	
313	17	3	7	5	-1	-1	-1	-1	-1	-1	
315	16	3	7	5	-1	-1	-1	-1	-1	-1	
315	17	2	7	7	-1	-1	-1	-1	-1	-1	
315	16	3	7	7	-1	-1	-1	-1	-1	-1	
315	15	4	7	7	-1	-1	-1	-1	-1	-1	
315	15	4	7	7	-1	-1	-1	-1	-1	-1	
316	16	3	7	6	-1	-1	-1	-1	-1	-1	
319	13	6	3	-1	-1	-1	-1	-1	-1	-1	
-1	-1	-1	-1	-1	-1	-1	-1	-1	-1	-1	
-1	-1	-1	-1	-1	-1	-1	-1	-1	-1	-1	
-1	-1	-1	-1	-1	-1	-1	-1	-1	-1	-1	
-1	-1	-1	-1	-1	-1	-1	-1	-1	-1	-1	
-1	-1	-1	-1	-1	-1	-1	-1	-1	-1	-1	
-1	-1	-1	-1	-1	-1	-1	-1	-1	-1	-1	
-1	-1	-1	-1	-1	-1	-1	-1	-1	-1	-1	
-1	-1	-1	-1	-1	-1	-1	-1	-1	-1	-1	
-1	-1	-1	-1	-1	-1	-1	-1	-1	-1	-1	
-1	-1	-1	-1	-1	-1	-1	-1	-1	-1	-1	
-1	-1	-1	-1	-1	-1	-1	-1	-1	-1	-1	
-1	-1	-1	-1	-1	-1	-1	-1	-1	-1	-1	
-1	-1	-1	-1	-1	-1	-1	-1	-1	-1	-1	
-1	-1	-1	-1	-1	-1	-1	-1	-1	-1	-1	
-1	-1	-1	-1	-1	-1	-1	-1	-1	-1	-1	
-1	-1	-1	-1	-1	-1	-1	-1	-1	-1	-1	
-1	-1	-1	-1	-1	-1	-1	-1	-1	-1	-1	
-1	-1	-1	-1	-1	-1	-1	-1	-1	-1	-1	
-1	-1	-1	-1	-1	-1	-1	-1	-1	-1	-1	
-1	-1	-1	-1	-1	-1	-1	-1	-1	-1	-1	
-1	-1	-1	-1	-1	-1	-1	-1	-1	-1	-1	
-1	-1	-1	-1	-1	-1	-1	-1	-1	-1	-1	
-1	-1	-1	-1	-1	-1	-1	-1	-1	-1	-1	
-1	-1	-1	-1	-1	-1	-1	-1	-1	-1	-1	
-1	-1	-1	-1	-1	-1	-1	-1	-1	-1	-1	
-1	-1	-1	-1	-1	-1	-1	-1	-1	-1	-1	
-1	-1	-1	-1	-1	-1	-1	-1	-1	-1	-1	
-1	-1	-1	-1	-1	-1	-1	-1	-1	-1	-1	
-1	-1	-1	-1	-1	-1	-1	-1	-1	-1	-1	
-1	-1	-1	-1	-1	-1	-1	-1	-1	-1	-1	
-1	-1	-1	-1	-1	-1	-1	-1	-1	-1	-1	
-1	-1	-1	-1	-1	-1	-1	-1	-1	-1	-1	
-1	-1	-1	-1	-1	-1	-1	-1	-1	-1	-1	
-1	-1	-1	-1	-1	-1	-1	-1	-1	-1	-1	
-1	-1	-1	-1	-1	-1	-1	-1	-1	-1	-1	
-1	-1	-1	-1	-1	-1	-1	-1	-1	-1	-1	
-1	-1	-1	-1	-1	-1	-1	-1	-1	-1	-1	
-1	-1	-1	-1	-1	-1	-1	-1	-1	-1	-1	
-1	-1	-1	-1	-1	-1	-1	-1	-1	-1	-1	
-1	-1	-1	-1	-1	-1	-1	-1	-1	-1	-1	
-1	-1	-1	-1	-1	-1	-1	-1	-1	-1	-1	
-1	-1	-1	-1	-1	-1	-1	-1	-1	-1	-1	
-1	-1	-1	-1	-1	-1	-1	-1	-1	-1	-1	
-1	-1	-1	-1	-1	-1	-1	-1	-1	-1	-1	
-1	-1	-1	-1	-1	-1	-1	-1	-1	-1	-1	
-1	-1	-1	-1	-1	-1	-1	-1	-1	-1	-1	
-1	-1	-1	-1	-1	-1	-1	-1	-1	-1	-1	
-1	-1	-1	-1	-1	-1	-1	-1	-1	-1	-1	
-1	-1	-1	-1	-1	-1	-1	-1	-1	-1	-1	
-1	-1	-1	-1	-1	-1	-1	-1	-1	-1	-1	
-1	-1	-1	-1	-1	-1	-1	-1	-1	-1	-1	
-1	-1	-1	-1	-1	-1	-1	-1	-1	-1	-1	
-1	-1	-1	-1	-1	-1	-1	-1	-1	-1	-1	
-1	-1	-1	-1	-1	-1	-1	-1	-1	-1	-1	
-1	-1	-1	-1	-1	-1	-1	-1	-1	-1	-1	
-1	-1	-1	-1	-1	-1	-1	-1	-1	-1	-1	
-1	-1	-1	-1	-1	-1	-1	-1	-1	-1	-1	
-------------------------Number of TCAM Overflow occurence-----------------
-1
0
2
2
3
3
3
3
6
7
7
7
6
6
7
7
7
7
6
5
6
4
6
7
7
6
7
7
6
5
5
5
6
6
7
7
5
6
6
7
6
7
5
5
5
5
5
7
7
7
7
6
-1
-1
-1
-1
-1
-1
-1
-1
-1
-1
-1
-1
-1
-1
-1
-1
-1
-1
-1
-1
-1
-1
-1
-1
-1
-1
-1
-1
-1
-1
-1
-1
-1
-1
-1
-1
-1
-1
-1
-1
-1
-1
-1
-1
-1
-1
-1
-1
-1
-1
-1
-1
-1
-1
-1
-1
-1
-1
-------------------------Distribution of TCAM Usage------------------------
336	-1	0	-1	-1	-1	-1	-1	-1	-1	-1	
335	0	-1	0	0	-1	-1	-1	-1	-1	-1	
333	3	1	0	0	-1	-1	-1	-1	-1	-1	
334	2	0	2	2	-1	-1	-1	-1	-1	-1	
334	3	-1	3	2	-1	-1	-1	-1	-1	-1	
331	5	0	3	3	-1	-1	-1	-1	-1	-1	
330	5	1	4	3	-1	-1	-1	-1	-1	-1	
328	8	1	4	4	-1	-1	-1	-1	-1	-1	
327	9	0	5	4	-1	-1	-1	-1	-1	-1	
326	9	0	6	5	-1	-1	-1	-1	-1	-1	
323	12	0	6	6	-1	-1	-1	-1	-1	-1	
321	14	0	6	6	-1	-1	-1	-1	-1	-1	
318	16	1	6	6	-1	-1	-1	-1	-1	-1	
319	15	2	6	6	-1	-1	-1	-1	-1	-1	
318	14	3	7	6	-1	-1	-1	-1	-1	-1	
316	17	2	7	7	-1	-1	-1	-1	-1	-1	
316	15	3	7	7	-1	-1	-1	-1	-1	-1	
315	17	2	7	5	-1	-1	-1	-1	-1	-1	
314	16	3	7	6	-1	-1	-1	-1	-1	-1	
313	16	4	7	7	-1	-1	-1	-1	-1	-1	
313	16	4	7	7	-1	-1	-1	-1	-1	-1	
312	19	2	7	6	-1	-1	-1	-1	-1	-1	
313	18	2	7	7	-1	-1	-1	-1	-1	-1	
313	18	2	7	5	-1	-1	-1	-1	-1	-1	
314	17	2	7	5	-1	-1	-1	-1	-1	-1	
314	17	2	7	6	-1	-1	-1	-1	-1	-1	
314	16	3	7	6	-1	-1	-1	-1	-1	-1	
313	17	3	7	5	-1	-1	-1	-1	-1	-1	
312	18	2	7	6	-1	-1	-1	-1	-1	-1	
311	18	2	7	6	-1	-1	-1	-1	-1	-1	
311	18	2	8	5	-1	-1	-1	-1	-1	-1	
312	17	2	8	6	-1	-1	-1	-1	-1	-1	
312	17	2	8	6	-1	-1	-1	-1	-1	-1	
313	16	3	8	7	-1	-1	-1	-1	-1	-1	
314	15	4	7	7	-1	-1	-1	-1	-1	-1	
313	18	2	7	7	-1	-1	-1	-1	-1	-1	
314	16	3	7	6	-1	-1	-1	-1	-1	-1	
313	18	2	8	6	-1	-1	-1	-1	-1	-1	
313	18	2	8	5	-1	-1	-1	-1	-1	-1	
313	17	3	8	6	-1	-1	-1	-1	-1	-1	
313	18	2	8	6	-1	-1	-1	-1	-1	-1	
313	19	1	8	5	-1	-1	-1	-1	-1	-1	
313	18	3	7	6	-1	-1	-1	-1	-1	-1	
314	17	3	7	6	-1	-1	-1	-1	-1	-1	
313	18	4	6	6	-1	-1	-1	-1	-1	-1	
314	17	3	7	6	-1	-1	-1	-1	-1	-1	
312	19	3	7	4	-1	-1	-1	-1	-1	-1	
313	18	3	7	6	-1	-1	-1	-1	-1	-1	
312	19	2	7	5	-1	-1	-1	-1	-1	-1	
311	19	3	7	5	-1	-1	-1	-1	-1	-1	
313	17	3	7	6	-1	-1	-1	-1	-1	-1	
312	18	3	7	5	-1	-1	-1	-1	-1	-1	
313	20	2	5	-1	-1	-1	-1	-1	-1	-1	
-1	-1	-1	-1	-1	-1	-1	-1	-1	-1	-1	
-1	-1	-1	-1	-1	-1	-1	-1	-1	-1	-1	
-1	-1	-1	-1	-1	-1	-1	-1	-1	-1	-1	
-1	-1	-1	-1	-1	-1	-1	-1	-1	-1	-1	
-1	-1	-1	-1	-1	-1	-1	-1	-1	-1	-1	
-1	-1	-1	-1	-1	-1	-1	-1	-1	-1	-1	
-1	-1	-1	-1	-1	-1	-1	-1	-1	-1	-1	
-1	-1	-1	-1	-1	-1	-1	-1	-1	-1	-1	
-1	-1	-1	-1	-1	-1	-1	-1	-1	-1	-1	
-1	-1	-1	-1	-1	-1	-1	-1	-1	-1	-1	
-1	-1	-1	-1	-1	-1	-1	-1	-1	-1	-1	
-1	-1	-1	-1	-1	-1	-1	-1	-1	-1	-1	
-1	-1	-1	-1	-1	-1	-1	-1	-1	-1	-1	
-1	-1	-1	-1	-1	-1	-1	-1	-1	-1	-1	
-1	-1	-1	-1	-1	-1	-1	-1	-1	-1	-1	
-1	-1	-1	-1	-1	-1	-1	-1	-1	-1	-1	
-1	-1	-1	-1	-1	-1	-1	-1	-1	-1	-1	
-1	-1	-1	-1	-1	-1	-1	-1	-1	-1	-1	
-1	-1	-1	-1	-1	-1	-1	-1	-1	-1	-1	
-1	-1	-1	-1	-1	-1	-1	-1	-1	-1	-1	
-1	-1	-1	-1	-1	-1	-1	-1	-1	-1	-1	
-1	-1	-1	-1	-1	-1	-1	-1	-1	-1	-1	
-1	-1	-1	-1	-1	-1	-1	-1	-1	-1	-1	
-1	-1	-1	-1	-1	-1	-1	-1	-1	-1	-1	
-1	-1	-1	-1	-1	-1	-1	-1	-1	-1	-1	
-1	-1	-1	-1	-1	-1	-1	-1	-1	-1	-1	
-1	-1	-1	-1	-1	-1	-1	-1	-1	-1	-1	
-1	-1	-1	-1	-1	-1	-1	-1	-1	-1	-1	
-1	-1	-1	-1	-1	-1	-1	-1	-1	-1	-1	
-1	-1	-1	-1	-1	-1	-1	-1	-1	-1	-1	
-1	-1	-1	-1	-1	-1	-1	-1	-1	-1	-1	
-1	-1	-1	-1	-1	-1	-1	-1	-1	-1	-1	
-1	-1	-1	-1	-1	-1	-1	-1	-1	-1	-1	
-1	-1	-1	-1	-1	-1	-1	-1	-1	-1	-1	
-1	-1	-1	-1	-1	-1	-1	-1	-1	-1	-1	
-1	-1	-1	-1	-1	-1	-1	-1	-1	-1	-1	
-1	-1	-1	-1	-1	-1	-1	-1	-1	-1	-1	
-1	-1	-1	-1	-1	-1	-1	-1	-1	-1	-1	
-1	-1	-1	-1	-1	-1	-1	-1	-1	-1	-1	
-1	-1	-1	-1	-1	-1	-1	-1	-1	-1	-1	
-1	-1	-1	-1	-1	-1	-1	-1	-1	-1	-1	
-1	-1	-1	-1	-1	-1	-1	-1	-1	-1	-1	
-1	-1	-1	-1	-1	-1	-1	-1	-1	-1	-1	
-1	-1	-1	-1	-1	-1	-1	-1	-1	-1	-1	
-1	-1	-1	-1	-1	-1	-1	-1	-1	-1	-1	
-1	-1	-1	-1	-1	-1	-1	-1	-1	-1	-1	
-1	-1	-1	-1	-1	-1	-1	-1	-1	-1	-1	
-1	-1	-1	-1	-1	-1	-1	-1	-1	-1	-1	
-1	-1	-1	-1	-1	-1	-1	-1	-1	-1	-1	
-1	-1	-1	-1	-1	-1	-1	-1	-1	-1	-1	
-1	-1	-1	-1	-1	-1	-1	-1	-1	-1	-1	
-1	-1	-1	-1	-1	-1	-1	-1	-1	-1	-1	
-1	-1	-1	-1	-1	-1	-1	-1	-1	-1	-1	
-1	-1	-1	-1	-1	-1	-1	-1	-1	-1	-1	
-1	-1	-1	-1	-1	-1	-1	-1	-1	-1	-1	
-1	-1	-1	-1	-1	-1	-1	-1	-1	-1	-1	
-1	-1	-1	-1	-1	-1	-1	-1	-1	-1	-1	
-------------------------Number of TCAM Overflow occurence-----------------
-1
0
0
2
2
3
3
4
4
5
6
6
6
6
6
7
7
5
6
7
7
6
7
5
5
6
6
5
6
6
5
6
6
7
7
7
6
6
5
6
6
5
6
6
6
6
4
6
5
5
6
5
-1
-1
-1
-1
-1
-1
-1
-1
-1
-1
-1
-1
-1
-1
-1
-1
-1
-1
-1
-1
-1
-1
-1
-1
-1
-1
-1
-1
-1
-1
-1
-1
-1
-1
-1
-1
-1
-1
-1
-1
-1
-1
-1
-1
-1
-1
-1
-1
-1
-1
-1
-1
-1
-1
-1
-1
-1
-1
