-------------------------Distribution of TCAM Usage------------------------
197	56	0	0	0	0	0	0	0	0	0	
54	156	41	2	0	0	0	0	0	0	0	
2	133	79	32	7	0	0	0	0	0	0	
0	69	100	58	19	6	1	0	0	0	0	
0	32	86	67	49	11	7	1	0	0	0	
0	7	72	79	43	38	6	7	0	1	0	
0	0	56	69	54	32	32	3	6	0	0	
1	0	34	64	60	30	33	22	3	6	0	
1	0	20	53	66	35	30	31	9	4	0	
5	0	8	54	53	46	25	32	24	2	0	
9	0	2	45	51	48	35	25	22	15	0	
10	0	1	34	49	49	33	25	30	20	0	
12	0	0	30	40	50	38	26	23	22	0	
24	0	0	24	44	42	42	29	20	23	0	
29	0	0	21	37	46	38	29	22	24	0	
36	0	0	12	40	45	37	32	20	27	0	
40	0	0	11	34	46	39	34	21	21	0	
47	0	0	8	34	45	38	37	20	23	0	
48	0	0	7	35	41	40	37	22	25	0	
46	0	0	7	34	42	39	35	25	24	0	
47	0	0	7	34	43	40	35	22	38	0	
34	0	0	7	36	42	41	34	22	31	0	
40	0	0	5	37	43	38	38	21	37	0	
34	0	0	4	39	44	36	39	21	33	0	
37	0	0	6	37	41	41	36	21	37	0	
34	0	0	7	37	45	36	33	24	37	0	
34	0	0	7	38	44	36	32	25	39	0	
32	0	0	8	38	42	36	33	24	36	0	
36	0	0	10	37	42	34	32	26	32	0	
40	0	0	7	39	39	35	35	27	37	0	
34	0	0	8	37	40	37	32	30	33	0	
36	0	0	7	36	39	37	37	24	39	0	
34	0	0	7	36	41	37	34	25	34	0	
39	0	0	7	40	36	40	29	29	35	0	
37	0	0	5	39	40	40	31	27	33	0	
38	0	0	6	38	40	41	28	27	31	0	
42	0	0	7	36	38	46	29	26	29	0	
42	0	0	5	36	39	46	31	24	32	0	
40	0	0	6	34	39	43	35	23	34	0	
39	0	0	6	34	41	43	35	21	31	0	
42	0	0	4	35	39	47	34	21	32	0	
41	0	0	6	36	36	49	31	23	28	0	
44	0	0	5	36	36	47	36	19	39	0	
35	0	0	4	35	39	47	36	18	36	0	
38	0	0	4	36	37	46	36	20	35	0	
39	0	0	4	36	38	46	36	19	32	0	
42	0	0	5	33	41	46	33	21	34	0	
40	0	0	4	36	40	43	36	22	33	0	
39	0	0	5	35	44	42	32	22	36	0	
37	0	0	5	36	43	42	35	17	40	0	
35	0	0	7	34	42	44	31	21	36	0	
38	0	0	8	33	43	43	31	23	42	0	
30	0	0	15	49	40	47	23	33	46	0	
0	0	0	0	0	0	0	0	0	0	0	
0	0	0	0	0	0	0	0	0	0	0	
0	0	0	0	0	0	0	0	0	0	0	
0	0	0	0	0	0	0	0	0	0	0	
0	0	0	0	0	0	0	0	0	0	0	
0	0	0	0	0	0	0	0	0	0	0	
0	0	0	0	0	0	0	0	0	0	0	
0	0	0	0	0	0	0	0	0	0	0	
0	0	0	0	0	0	0	0	0	0	0	
0	0	0	0	0	0	0	0	0	0	0	
0	0	0	0	0	0	0	0	0	0	0	
0	0	0	0	0	0	0	0	0	0	0	
0	0	0	0	0	0	0	0	0	0	0	
0	0	0	0	0	0	0	0	0	0	0	
0	0	0	0	0	0	0	0	0	0	0	
0	0	0	0	0	0	0	0	0	0	0	
0	0	0	0	0	0	0	0	0	0	0	
0	0	0	0	0	0	0	0	0	0	0	
0	0	0	0	0	0	0	0	0	0	0	
0	0	0	0	0	0	0	0	0	0	0	
0	0	0	0	0	0	0	0	0	0	0	
0	0	0	0	0	0	0	0	0	0	0	
0	0	0	0	0	0	0	0	0	0	0	
0	0	0	0	0	0	0	0	0	0	0	
0	0	0	0	0	0	0	0	0	0	0	
0	0	0	0	0	0	0	0	0	0	0	
0	0	0	0	0	0	0	0	0	0	0	
0	0	0	0	0	0	0	0	0	0	0	
0	0	0	0	0	0	0	0	0	0	0	
0	0	0	0	0	0	0	0	0	0	0	
0	0	0	0	0	0	0	0	0	0	0	
0	0	0	0	0	0	0	0	0	0	0	
0	0	0	0	0	0	0	0	0	0	0	
0	0	0	0	0	0	0	0	0	0	0	
0	0	0	0	0	0	0	0	0	0	0	
0	0	0	0	0	0	0	0	0	0	0	
0	0	0	0	0	0	0	0	0	0	0	
0	0	0	0	0	0	0	0	0	0	0	
0	0	0	0	0	0	0	0	0	0	0	
0	0	0	0	0	0	0	0	0	0	0	
0	0	0	0	0	0	0	0	0	0	0	
0	0	0	0	0	0	0	0	0	0	0	
0	0	0	0	0	0	0	0	0	0	0	
0	0	0	0	0	0	0	0	0	0	0	
0	0	0	0	0	0	0	0	0	0	0	
0	0	0	0	0	0	0	0	0	0	0	
0	0	0	0	0	0	0	0	0	0	0	
0	0	0	0	0	0	0	0	0	0	0	
0	0	0	0	0	0	0	0	0	0	0	
0	0	0	0	0	0	0	0	0	0	0	
0	0	0	0	0	0	0	0	0	0	0	
0	0	0	0	0	0	0	0	0	0	0	
0	0	0	0	0	0	0	0	0	0	0	
0	0	0	0	0	0	0	0	0	0	0	
0	0	0	0	0	0	0	0	0	0	0	
0	0	0	0	0	0	0	0	0	0	0	
0	0	0	0	0	0	0	0	0	0	0	
-------------------------Number of TCAM Overflow occurence-----------------
0
0
0
0
0
0
1
1
5
9
10
12
24
29
36
40
47
48
46
47
34
40
34
37
34
34
32
36
40
34
36
34
39
37
38
42
42
40
39
42
41
44
35
38
39
42
40
39
37
35
38
30
0
0
0
0
0
0
0
0
0
0
0
0
0
0
0
0
0
0
0
0
0
0
0
0
0
0
0
0
0
0
0
0
0
0
0
0
0
0
0
0
0
0
0
0
0
0
0
0
0
0
0
0
0
0
0
0
0
0
