-------------------------Distribution of TCAM Usage------------------------
252	-1	-1	-1	-1	-1	-1	-1	-1	-1	-1	
252	-1	-1	-1	-1	-1	-1	-1	-1	-1	-1	
252	-1	-1	-1	-1	-1	-1	-1	-1	-1	-1	
252	-1	-1	-1	-1	-1	-1	-1	-1	-1	-1	
251	0	-1	-1	-1	-1	-1	-1	-1	-1	-1	
251	0	-1	-1	-1	-1	-1	-1	-1	-1	-1	
246	5	-1	-1	-1	-1	-1	-1	-1	-1	-1	
244	7	-1	-1	-1	-1	-1	-1	-1	-1	-1	
242	9	-1	-1	-1	-1	-1	-1	-1	-1	-1	
230	21	-1	-1	-1	-1	-1	-1	-1	-1	-1	
213	38	-1	-1	-1	-1	-1	-1	-1	-1	-1	
197	54	-1	-1	-1	-1	-1	-1	-1	-1	-1	
188	63	-1	-1	-1	-1	-1	-1	-1	-1	-1	
183	67	0	-1	-1	-1	-1	-1	-1	-1	-1	
179	71	0	-1	-1	-1	-1	-1	-1	-1	-1	
175	75	0	-1	-1	-1	-1	-1	-1	-1	-1	
172	78	0	-1	-1	-1	-1	-1	-1	-1	-1	
165	85	0	-1	-1	-1	-1	-1	-1	-1	-1	
163	87	0	-1	-1	-1	-1	-1	-1	-1	-1	
166	84	0	-1	-1	-1	-1	-1	-1	-1	-1	
165	85	0	-1	-1	-1	-1	-1	-1	-1	-1	
167	83	0	-1	-1	-1	-1	-1	-1	-1	-1	
165	85	0	-1	-1	-1	-1	-1	-1	-1	-1	
167	83	0	-1	-1	-1	-1	-1	-1	-1	-1	
164	86	0	-1	-1	-1	-1	-1	-1	-1	-1	
160	90	0	-1	-1	-1	-1	-1	-1	-1	-1	
162	88	0	-1	-1	-1	-1	-1	-1	-1	-1	
161	89	0	-1	-1	-1	-1	-1	-1	-1	-1	
161	89	0	-1	-1	-1	-1	-1	-1	-1	-1	
164	86	0	-1	-1	-1	-1	-1	-1	-1	-1	
165	85	0	-1	-1	-1	-1	-1	-1	-1	-1	
165	85	0	-1	-1	-1	-1	-1	-1	-1	-1	
166	84	0	-1	-1	-1	-1	-1	-1	-1	-1	
166	84	0	-1	-1	-1	-1	-1	-1	-1	-1	
167	83	0	-1	-1	-1	-1	-1	-1	-1	-1	
164	86	0	-1	-1	-1	-1	-1	-1	-1	-1	
166	84	0	-1	-1	-1	-1	-1	-1	-1	-1	
165	85	0	-1	-1	-1	-1	-1	-1	-1	-1	
165	85	0	-1	-1	-1	-1	-1	-1	-1	-1	
167	82	1	-1	-1	-1	-1	-1	-1	-1	-1	
164	86	0	-1	-1	-1	-1	-1	-1	-1	-1	
168	82	0	-1	-1	-1	-1	-1	-1	-1	-1	
166	84	0	-1	-1	-1	-1	-1	-1	-1	-1	
165	85	0	-1	-1	-1	-1	-1	-1	-1	-1	
167	83	0	-1	-1	-1	-1	-1	-1	-1	-1	
164	86	0	-1	-1	-1	-1	-1	-1	-1	-1	
162	88	0	-1	-1	-1	-1	-1	-1	-1	-1	
164	85	1	-1	-1	-1	-1	-1	-1	-1	-1	
164	86	0	-1	-1	-1	-1	-1	-1	-1	-1	
163	87	0	-1	-1	-1	-1	-1	-1	-1	-1	
164	84	2	-1	-1	-1	-1	-1	-1	-1	-1	
163	85	2	-1	-1	-1	-1	-1	-1	-1	-1	
182	68	0	-1	-1	-1	-1	-1	-1	-1	-1	
-1	-1	-1	-1	-1	-1	-1	-1	-1	-1	-1	
-1	-1	-1	-1	-1	-1	-1	-1	-1	-1	-1	
-1	-1	-1	-1	-1	-1	-1	-1	-1	-1	-1	
-1	-1	-1	-1	-1	-1	-1	-1	-1	-1	-1	
-1	-1	-1	-1	-1	-1	-1	-1	-1	-1	-1	
-1	-1	-1	-1	-1	-1	-1	-1	-1	-1	-1	
-1	-1	-1	-1	-1	-1	-1	-1	-1	-1	-1	
-1	-1	-1	-1	-1	-1	-1	-1	-1	-1	-1	
-1	-1	-1	-1	-1	-1	-1	-1	-1	-1	-1	
-1	-1	-1	-1	-1	-1	-1	-1	-1	-1	-1	
-1	-1	-1	-1	-1	-1	-1	-1	-1	-1	-1	
-1	-1	-1	-1	-1	-1	-1	-1	-1	-1	-1	
-1	-1	-1	-1	-1	-1	-1	-1	-1	-1	-1	
-1	-1	-1	-1	-1	-1	-1	-1	-1	-1	-1	
-1	-1	-1	-1	-1	-1	-1	-1	-1	-1	-1	
-1	-1	-1	-1	-1	-1	-1	-1	-1	-1	-1	
-1	-1	-1	-1	-1	-1	-1	-1	-1	-1	-1	
-1	-1	-1	-1	-1	-1	-1	-1	-1	-1	-1	
-1	-1	-1	-1	-1	-1	-1	-1	-1	-1	-1	
-1	-1	-1	-1	-1	-1	-1	-1	-1	-1	-1	
-1	-1	-1	-1	-1	-1	-1	-1	-1	-1	-1	
-1	-1	-1	-1	-1	-1	-1	-1	-1	-1	-1	
-1	-1	-1	-1	-1	-1	-1	-1	-1	-1	-1	
-1	-1	-1	-1	-1	-1	-1	-1	-1	-1	-1	
-1	-1	-1	-1	-1	-1	-1	-1	-1	-1	-1	
-1	-1	-1	-1	-1	-1	-1	-1	-1	-1	-1	
-1	-1	-1	-1	-1	-1	-1	-1	-1	-1	-1	
-1	-1	-1	-1	-1	-1	-1	-1	-1	-1	-1	
-1	-1	-1	-1	-1	-1	-1	-1	-1	-1	-1	
-1	-1	-1	-1	-1	-1	-1	-1	-1	-1	-1	
-1	-1	-1	-1	-1	-1	-1	-1	-1	-1	-1	
-1	-1	-1	-1	-1	-1	-1	-1	-1	-1	-1	
-1	-1	-1	-1	-1	-1	-1	-1	-1	-1	-1	
-1	-1	-1	-1	-1	-1	-1	-1	-1	-1	-1	
-1	-1	-1	-1	-1	-1	-1	-1	-1	-1	-1	
-1	-1	-1	-1	-1	-1	-1	-1	-1	-1	-1	
-1	-1	-1	-1	-1	-1	-1	-1	-1	-1	-1	
-1	-1	-1	-1	-1	-1	-1	-1	-1	-1	-1	
-1	-1	-1	-1	-1	-1	-1	-1	-1	-1	-1	
-1	-1	-1	-1	-1	-1	-1	-1	-1	-1	-1	
-1	-1	-1	-1	-1	-1	-1	-1	-1	-1	-1	
-1	-1	-1	-1	-1	-1	-1	-1	-1	-1	-1	
-1	-1	-1	-1	-1	-1	-1	-1	-1	-1	-1	
-1	-1	-1	-1	-1	-1	-1	-1	-1	-1	-1	
-1	-1	-1	-1	-1	-1	-1	-1	-1	-1	-1	
-1	-1	-1	-1	-1	-1	-1	-1	-1	-1	-1	
-1	-1	-1	-1	-1	-1	-1	-1	-1	-1	-1	
-1	-1	-1	-1	-1	-1	-1	-1	-1	-1	-1	
-1	-1	-1	-1	-1	-1	-1	-1	-1	-1	-1	
-1	-1	-1	-1	-1	-1	-1	-1	-1	-1	-1	
-1	-1	-1	-1	-1	-1	-1	-1	-1	-1	-1	
-1	-1	-1	-1	-1	-1	-1	-1	-1	-1	-1	
-1	-1	-1	-1	-1	-1	-1	-1	-1	-1	-1	
-1	-1	-1	-1	-1	-1	-1	-1	-1	-1	-1	
-1	-1	-1	-1	-1	-1	-1	-1	-1	-1	-1	
-1	-1	-1	-1	-1	-1	-1	-1	-1	-1	-1	
-1	-1	-1	-1	-1	-1	-1	-1	-1	-1	-1	
-------------------------Number of TCAM Overflow occurence-----------------
-1
-1
-1
-1
-1
-1
-1
-1
-1
-1
-1
-1
-1
-1
-1
-1
-1
-1
-1
-1
-1
-1
-1
-1
-1
-1
-1
-1
-1
-1
-1
-1
-1
-1
-1
-1
-1
-1
-1
-1
-1
-1
-1
-1
-1
-1
-1
-1
-1
-1
-1
-1
-1
-1
-1
-1
-1
-1
-1
-1
-1
-1
-1
-1
-1
-1
-1
-1
-1
-1
-1
-1
-1
-1
-1
-1
-1
-1
-1
-1
-1
-1
-1
-1
-1
-1
-1
-1
-1
-1
-1
-1
-1
-1
-1
-1
-1
-1
-1
-1
-1
-1
-1
-1
-1
-1
-1
-1
-1
-1
