-------------------------Distribution of TCAM Usage------------------------
253	0	0	0	0	0	0	0	0	0	0	
243	10	0	0	0	0	0	0	0	0	0	
178	74	1	0	0	0	0	0	0	0	0	
123	124	6	0	0	0	0	0	0	0	0	
74	161	17	1	0	0	0	0	0	0	0	
38	162	47	6	0	0	0	0	0	0	0	
19	156	69	8	1	0	0	0	0	0	0	
8	144	88	11	2	0	0	0	0	0	0	
3	131	90	23	5	1	0	0	0	0	0	
1	110	93	41	7	1	0	0	0	0	0	
0	98	89	57	6	2	1	0	0	0	0	
0	84	98	59	8	3	1	0	0	0	0	
0	78	94	63	12	5	1	0	0	0	0	
0	70	89	65	23	5	1	0	0	0	0	
0	63	94	61	27	5	2	1	0	0	0	
0	56	94	64	31	5	2	1	0	0	0	
0	48	97	64	35	6	2	1	0	0	0	
0	44	101	62	37	5	3	1	0	0	0	
0	44	97	62	40	5	4	1	0	0	0	
0	46	95	57	43	7	4	1	0	0	0	
0	44	95	63	39	7	4	1	0	0	0	
0	44	96	59	43	7	3	1	0	0	0	
0	40	99	61	43	5	4	1	0	0	0	
0	39	102	60	40	7	4	1	0	0	0	
0	39	104	60	40	5	4	1	0	0	0	
0	39	102	58	43	6	4	1	0	0	0	
0	38	107	54	44	6	3	1	0	0	0	
0	37	107	56	43	5	4	1	0	0	0	
0	39	106	56	42	6	3	1	0	0	0	
0	40	105	55	43	7	2	1	0	0	0	
0	41	104	55	43	8	1	1	0	0	0	
0	41	104	57	40	7	3	1	0	0	0	
0	44	100	55	44	5	4	1	0	0	0	
0	42	100	61	40	6	3	1	0	0	0	
0	47	95	57	44	6	3	1	0	0	0	
0	40	102	58	43	6	3	1	0	0	0	
0	39	105	58	41	6	3	1	0	0	0	
0	43	100	60	40	6	3	1	0	0	0	
0	42	101	61	39	6	3	1	0	0	0	
0	46	99	56	42	5	4	1	0	0	0	
0	46	97	58	42	4	5	1	0	0	0	
0	47	96	57	43	3	6	1	0	0	0	
0	41	103	56	43	3	6	1	0	0	0	
0	40	104	58	40	4	6	1	0	0	0	
0	38	106	57	40	5	6	1	0	0	0	
0	38	108	52	44	5	5	1	0	0	0	
0	38	105	58	41	5	5	1	0	0	0	
0	46	94	62	40	5	5	1	0	0	0	
0	42	97	60	43	5	5	1	0	0	0	
0	44	98	59	41	4	6	1	0	0	0	
0	45	98	58	41	6	4	1	0	0	0	
0	41	101	59	40	8	3	1	0	0	0	
0	67	95	62	20	7	1	1	0	0	0	
0	0	0	0	0	0	0	0	0	0	0	
0	0	0	0	0	0	0	0	0	0	0	
0	0	0	0	0	0	0	0	0	0	0	
0	0	0	0	0	0	0	0	0	0	0	
0	0	0	0	0	0	0	0	0	0	0	
0	0	0	0	0	0	0	0	0	0	0	
0	0	0	0	0	0	0	0	0	0	0	
0	0	0	0	0	0	0	0	0	0	0	
0	0	0	0	0	0	0	0	0	0	0	
0	0	0	0	0	0	0	0	0	0	0	
0	0	0	0	0	0	0	0	0	0	0	
0	0	0	0	0	0	0	0	0	0	0	
0	0	0	0	0	0	0	0	0	0	0	
0	0	0	0	0	0	0	0	0	0	0	
0	0	0	0	0	0	0	0	0	0	0	
0	0	0	0	0	0	0	0	0	0	0	
0	0	0	0	0	0	0	0	0	0	0	
0	0	0	0	0	0	0	0	0	0	0	
0	0	0	0	0	0	0	0	0	0	0	
0	0	0	0	0	0	0	0	0	0	0	
0	0	0	0	0	0	0	0	0	0	0	
0	0	0	0	0	0	0	0	0	0	0	
0	0	0	0	0	0	0	0	0	0	0	
0	0	0	0	0	0	0	0	0	0	0	
0	0	0	0	0	0	0	0	0	0	0	
0	0	0	0	0	0	0	0	0	0	0	
0	0	0	0	0	0	0	0	0	0	0	
0	0	0	0	0	0	0	0	0	0	0	
0	0	0	0	0	0	0	0	0	0	0	
0	0	0	0	0	0	0	0	0	0	0	
0	0	0	0	0	0	0	0	0	0	0	
0	0	0	0	0	0	0	0	0	0	0	
0	0	0	0	0	0	0	0	0	0	0	
0	0	0	0	0	0	0	0	0	0	0	
0	0	0	0	0	0	0	0	0	0	0	
0	0	0	0	0	0	0	0	0	0	0	
0	0	0	0	0	0	0	0	0	0	0	
0	0	0	0	0	0	0	0	0	0	0	
0	0	0	0	0	0	0	0	0	0	0	
0	0	0	0	0	0	0	0	0	0	0	
0	0	0	0	0	0	0	0	0	0	0	
0	0	0	0	0	0	0	0	0	0	0	
0	0	0	0	0	0	0	0	0	0	0	
0	0	0	0	0	0	0	0	0	0	0	
0	0	0	0	0	0	0	0	0	0	0	
0	0	0	0	0	0	0	0	0	0	0	
0	0	0	0	0	0	0	0	0	0	0	
0	0	0	0	0	0	0	0	0	0	0	
0	0	0	0	0	0	0	0	0	0	0	
0	0	0	0	0	0	0	0	0	0	0	
0	0	0	0	0	0	0	0	0	0	0	
0	0	0	0	0	0	0	0	0	0	0	
0	0	0	0	0	0	0	0	0	0	0	
0	0	0	0	0	0	0	0	0	0	0	
0	0	0	0	0	0	0	0	0	0	0	
0	0	0	0	0	0	0	0	0	0	0	
0	0	0	0	0	0	0	0	0	0	0	
-------------------------Number of TCAM Overflow occurence-----------------
0
0
0
0
0
0
0
0
0
0
0
0
0
0
0
0
0
0
0
0
0
0
0
0
0
0
0
0
0
0
0
0
0
0
0
0
0
0
0
0
0
0
0
0
0
0
0
0
0
0
0
0
0
0
0
0
0
0
0
0
0
0
0
0
0
0
0
0
0
0
0
0
0
0
0
0
0
0
0
0
0
0
0
0
0
0
0
0
0
0
0
0
0
0
0
0
0
0
0
0
0
0
0
0
0
0
0
0
0
0
