-------------------------Distribution of TCAM Usage------------------------
252	-1	-1	-1	-1	-1	-1	-1	-1	-1	-1	
252	-1	-1	-1	-1	-1	-1	-1	-1	-1	-1	
252	-1	-1	-1	-1	-1	-1	-1	-1	-1	-1	
252	-1	-1	-1	-1	-1	-1	-1	-1	-1	-1	
249	2	-1	-1	-1	-1	-1	-1	-1	-1	-1	
242	9	-1	-1	-1	-1	-1	-1	-1	-1	-1	
235	16	-1	-1	-1	-1	-1	-1	-1	-1	-1	
209	42	-1	-1	-1	-1	-1	-1	-1	-1	-1	
188	63	-1	-1	-1	-1	-1	-1	-1	-1	-1	
178	73	-1	-1	-1	-1	-1	-1	-1	-1	-1	
169	82	-1	-1	-1	-1	-1	-1	-1	-1	-1	
162	88	0	-1	-1	-1	-1	-1	-1	-1	-1	
149	98	3	-1	-1	-1	-1	-1	-1	-1	-1	
138	108	4	-1	-1	-1	-1	-1	-1	-1	-1	
125	119	6	-1	-1	-1	-1	-1	-1	-1	-1	
120	123	7	-1	-1	-1	-1	-1	-1	-1	-1	
116	126	8	-1	-1	-1	-1	-1	-1	-1	-1	
114	128	8	-1	-1	-1	-1	-1	-1	-1	-1	
111	130	9	-1	-1	-1	-1	-1	-1	-1	-1	
108	133	9	-1	-1	-1	-1	-1	-1	-1	-1	
112	129	8	0	-1	-1	-1	-1	-1	-1	-1	
111	131	7	0	-1	-1	-1	-1	-1	-1	-1	
109	133	7	0	-1	-1	-1	-1	-1	-1	-1	
108	134	7	0	-1	-1	-1	-1	-1	-1	-1	
108	134	8	-1	-1	-1	-1	-1	-1	-1	-1	
106	135	9	-1	-1	-1	-1	-1	-1	-1	-1	
105	136	8	0	-1	-1	-1	-1	-1	-1	-1	
105	136	8	0	-1	-1	-1	-1	-1	-1	-1	
106	136	7	0	-1	-1	-1	-1	-1	-1	-1	
105	136	8	0	-1	-1	-1	-1	-1	-1	-1	
105	137	8	-1	-1	-1	-1	-1	-1	-1	-1	
109	132	9	-1	-1	-1	-1	-1	-1	-1	-1	
109	132	9	-1	-1	-1	-1	-1	-1	-1	-1	
108	134	7	0	-1	-1	-1	-1	-1	-1	-1	
108	134	7	0	-1	-1	-1	-1	-1	-1	-1	
109	132	9	-1	-1	-1	-1	-1	-1	-1	-1	
111	130	9	-1	-1	-1	-1	-1	-1	-1	-1	
109	132	8	0	-1	-1	-1	-1	-1	-1	-1	
108	133	8	0	-1	-1	-1	-1	-1	-1	-1	
108	134	7	0	-1	-1	-1	-1	-1	-1	-1	
108	134	7	0	-1	-1	-1	-1	-1	-1	-1	
110	133	6	0	-1	-1	-1	-1	-1	-1	-1	
110	133	6	0	-1	-1	-1	-1	-1	-1	-1	
112	131	6	0	-1	-1	-1	-1	-1	-1	-1	
112	132	5	0	-1	-1	-1	-1	-1	-1	-1	
112	130	7	0	-1	-1	-1	-1	-1	-1	-1	
111	132	6	0	-1	-1	-1	-1	-1	-1	-1	
112	132	5	0	-1	-1	-1	-1	-1	-1	-1	
112	132	5	0	-1	-1	-1	-1	-1	-1	-1	
111	133	5	0	-1	-1	-1	-1	-1	-1	-1	
113	131	5	0	-1	-1	-1	-1	-1	-1	-1	
114	130	6	-1	-1	-1	-1	-1	-1	-1	-1	
136	109	5	-1	-1	-1	-1	-1	-1	-1	-1	
-1	-1	-1	-1	-1	-1	-1	-1	-1	-1	-1	
-1	-1	-1	-1	-1	-1	-1	-1	-1	-1	-1	
-1	-1	-1	-1	-1	-1	-1	-1	-1	-1	-1	
-1	-1	-1	-1	-1	-1	-1	-1	-1	-1	-1	
-1	-1	-1	-1	-1	-1	-1	-1	-1	-1	-1	
-1	-1	-1	-1	-1	-1	-1	-1	-1	-1	-1	
-1	-1	-1	-1	-1	-1	-1	-1	-1	-1	-1	
-1	-1	-1	-1	-1	-1	-1	-1	-1	-1	-1	
-1	-1	-1	-1	-1	-1	-1	-1	-1	-1	-1	
-1	-1	-1	-1	-1	-1	-1	-1	-1	-1	-1	
-1	-1	-1	-1	-1	-1	-1	-1	-1	-1	-1	
-1	-1	-1	-1	-1	-1	-1	-1	-1	-1	-1	
-1	-1	-1	-1	-1	-1	-1	-1	-1	-1	-1	
-1	-1	-1	-1	-1	-1	-1	-1	-1	-1	-1	
-1	-1	-1	-1	-1	-1	-1	-1	-1	-1	-1	
-1	-1	-1	-1	-1	-1	-1	-1	-1	-1	-1	
-1	-1	-1	-1	-1	-1	-1	-1	-1	-1	-1	
-1	-1	-1	-1	-1	-1	-1	-1	-1	-1	-1	
-1	-1	-1	-1	-1	-1	-1	-1	-1	-1	-1	
-1	-1	-1	-1	-1	-1	-1	-1	-1	-1	-1	
-1	-1	-1	-1	-1	-1	-1	-1	-1	-1	-1	
-1	-1	-1	-1	-1	-1	-1	-1	-1	-1	-1	
-1	-1	-1	-1	-1	-1	-1	-1	-1	-1	-1	
-1	-1	-1	-1	-1	-1	-1	-1	-1	-1	-1	
-1	-1	-1	-1	-1	-1	-1	-1	-1	-1	-1	
-1	-1	-1	-1	-1	-1	-1	-1	-1	-1	-1	
-1	-1	-1	-1	-1	-1	-1	-1	-1	-1	-1	
-1	-1	-1	-1	-1	-1	-1	-1	-1	-1	-1	
-1	-1	-1	-1	-1	-1	-1	-1	-1	-1	-1	
-1	-1	-1	-1	-1	-1	-1	-1	-1	-1	-1	
-1	-1	-1	-1	-1	-1	-1	-1	-1	-1	-1	
-1	-1	-1	-1	-1	-1	-1	-1	-1	-1	-1	
-1	-1	-1	-1	-1	-1	-1	-1	-1	-1	-1	
-1	-1	-1	-1	-1	-1	-1	-1	-1	-1	-1	
-1	-1	-1	-1	-1	-1	-1	-1	-1	-1	-1	
-1	-1	-1	-1	-1	-1	-1	-1	-1	-1	-1	
-1	-1	-1	-1	-1	-1	-1	-1	-1	-1	-1	
-1	-1	-1	-1	-1	-1	-1	-1	-1	-1	-1	
-1	-1	-1	-1	-1	-1	-1	-1	-1	-1	-1	
-1	-1	-1	-1	-1	-1	-1	-1	-1	-1	-1	
-1	-1	-1	-1	-1	-1	-1	-1	-1	-1	-1	
-1	-1	-1	-1	-1	-1	-1	-1	-1	-1	-1	
-1	-1	-1	-1	-1	-1	-1	-1	-1	-1	-1	
-1	-1	-1	-1	-1	-1	-1	-1	-1	-1	-1	
-1	-1	-1	-1	-1	-1	-1	-1	-1	-1	-1	
-1	-1	-1	-1	-1	-1	-1	-1	-1	-1	-1	
-1	-1	-1	-1	-1	-1	-1	-1	-1	-1	-1	
-1	-1	-1	-1	-1	-1	-1	-1	-1	-1	-1	
-1	-1	-1	-1	-1	-1	-1	-1	-1	-1	-1	
-1	-1	-1	-1	-1	-1	-1	-1	-1	-1	-1	
-1	-1	-1	-1	-1	-1	-1	-1	-1	-1	-1	
-1	-1	-1	-1	-1	-1	-1	-1	-1	-1	-1	
-1	-1	-1	-1	-1	-1	-1	-1	-1	-1	-1	
-1	-1	-1	-1	-1	-1	-1	-1	-1	-1	-1	
-1	-1	-1	-1	-1	-1	-1	-1	-1	-1	-1	
-1	-1	-1	-1	-1	-1	-1	-1	-1	-1	-1	
-1	-1	-1	-1	-1	-1	-1	-1	-1	-1	-1	
-------------------------Number of TCAM Overflow occurence-----------------
-1
-1
-1
-1
-1
-1
-1
-1
-1
-1
-1
-1
-1
-1
-1
-1
-1
-1
-1
-1
-1
-1
-1
-1
-1
-1
-1
-1
-1
-1
-1
-1
-1
-1
-1
-1
-1
-1
-1
-1
-1
-1
-1
-1
-1
-1
-1
-1
-1
-1
-1
-1
-1
-1
-1
-1
-1
-1
-1
-1
-1
-1
-1
-1
-1
-1
-1
-1
-1
-1
-1
-1
-1
-1
-1
-1
-1
-1
-1
-1
-1
-1
-1
-1
-1
-1
-1
-1
-1
-1
-1
-1
-1
-1
-1
-1
-1
-1
-1
-1
-1
-1
-1
-1
-1
-1
-1
-1
-1
-1
