-------------------------Distribution of TCAM Usage------------------------
250	3	0	0	0	0	0	0	0	0	0	
181	71	1	0	0	0	0	0	0	0	0	
83	155	14	1	0	0	0	0	0	0	0	
34	154	57	7	1	0	0	0	0	0	0	
7	142	82	18	3	1	0	0	0	0	0	
1	105	95	44	6	2	0	0	0	0	0	
0	76	101	56	16	3	1	0	0	0	0	
0	55	100	53	36	6	2	1	0	0	0	
0	41	90	62	49	6	4	1	0	0	0	
0	30	79	72	43	20	5	3	1	0	0	
0	17	77	74	42	34	5	3	1	0	0	
0	7	75	76	39	45	3	5	2	1	0	
0	3	74	71	43	42	11	6	2	1	0	
0	0	67	67	49	44	17	4	4	1	0	
0	0	61	65	51	41	26	3	4	1	0	
1	0	51	70	52	36	35	1	5	2	0	
1	0	48	67	55	33	40	1	5	3	0	
1	0	42	71	52	36	39	4	4	4	0	
1	0	41	69	57	34	34	9	4	4	0	
1	0	40	70	54	36	37	7	4	4	0	
1	0	43	66	55	33	39	8	4	3	0	
2	0	41	69	53	37	34	10	4	4	0	
1	0	41	70	54	36	32	11	4	4	0	
1	0	40	69	56	34	35	10	4	4	0	
1	0	40	71	55	33	35	10	3	5	0	
1	0	41	69	56	31	37	10	4	4	0	
1	0	40	68	59	30	39	8	4	4	0	
1	0	41	70	54	34	37	8	4	4	0	
1	0	42	68	55	32	38	9	3	5	0	
1	0	39	71	52	40	36	6	3	5	0	
1	0	41	68	58	36	33	8	3	5	0	
1	0	38	73	55	35	34	9	4	4	0	
1	0	38	72	56	36	34	8	6	2	0	
1	0	40	71	52	37	35	9	6	3	0	
0	0	40	68	55	38	35	8	6	3	0	
0	0	41	65	58	34	35	11	4	5	0	
0	0	41	67	58	33	37	8	5	4	0	
0	0	41	65	61	34	35	8	4	5	0	
0	0	38	71	56	36	38	5	4	4	0	
1	0	38	71	58	30	37	10	4	4	0	
1	0	39	69	60	33	31	12	4	4	0	
1	0	41	73	55	31	34	10	4	4	0	
1	0	42	69	58	30	34	11	4	4	0	
1	0	41	68	60	32	32	11	4	5	0	
0	0	42	65	61	35	32	9	5	4	0	
0	0	49	60	55	38	30	12	4	5	0	
0	0	48	59	56	39	32	10	5	4	0	
0	0	49	55	62	34	36	8	4	4	0	
1	0	47	55	64	34	35	9	4	4	0	
1	0	44	65	57	33	36	9	4	4	0	
1	0	45	61	61	31	36	10	5	3	0	
1	0	48	62	59	30	36	9	4	5	0	
0	0	60	87	37	40	20	4	4	1	0	
0	0	0	0	0	0	0	0	0	0	0	
0	0	0	0	0	0	0	0	0	0	0	
0	0	0	0	0	0	0	0	0	0	0	
0	0	0	0	0	0	0	0	0	0	0	
0	0	0	0	0	0	0	0	0	0	0	
0	0	0	0	0	0	0	0	0	0	0	
0	0	0	0	0	0	0	0	0	0	0	
0	0	0	0	0	0	0	0	0	0	0	
0	0	0	0	0	0	0	0	0	0	0	
0	0	0	0	0	0	0	0	0	0	0	
0	0	0	0	0	0	0	0	0	0	0	
0	0	0	0	0	0	0	0	0	0	0	
0	0	0	0	0	0	0	0	0	0	0	
0	0	0	0	0	0	0	0	0	0	0	
0	0	0	0	0	0	0	0	0	0	0	
0	0	0	0	0	0	0	0	0	0	0	
0	0	0	0	0	0	0	0	0	0	0	
0	0	0	0	0	0	0	0	0	0	0	
0	0	0	0	0	0	0	0	0	0	0	
0	0	0	0	0	0	0	0	0	0	0	
0	0	0	0	0	0	0	0	0	0	0	
0	0	0	0	0	0	0	0	0	0	0	
0	0	0	0	0	0	0	0	0	0	0	
0	0	0	0	0	0	0	0	0	0	0	
0	0	0	0	0	0	0	0	0	0	0	
0	0	0	0	0	0	0	0	0	0	0	
0	0	0	0	0	0	0	0	0	0	0	
0	0	0	0	0	0	0	0	0	0	0	
0	0	0	0	0	0	0	0	0	0	0	
0	0	0	0	0	0	0	0	0	0	0	
0	0	0	0	0	0	0	0	0	0	0	
0	0	0	0	0	0	0	0	0	0	0	
0	0	0	0	0	0	0	0	0	0	0	
0	0	0	0	0	0	0	0	0	0	0	
0	0	0	0	0	0	0	0	0	0	0	
0	0	0	0	0	0	0	0	0	0	0	
0	0	0	0	0	0	0	0	0	0	0	
0	0	0	0	0	0	0	0	0	0	0	
0	0	0	0	0	0	0	0	0	0	0	
0	0	0	0	0	0	0	0	0	0	0	
0	0	0	0	0	0	0	0	0	0	0	
0	0	0	0	0	0	0	0	0	0	0	
0	0	0	0	0	0	0	0	0	0	0	
0	0	0	0	0	0	0	0	0	0	0	
0	0	0	0	0	0	0	0	0	0	0	
0	0	0	0	0	0	0	0	0	0	0	
0	0	0	0	0	0	0	0	0	0	0	
0	0	0	0	0	0	0	0	0	0	0	
0	0	0	0	0	0	0	0	0	0	0	
0	0	0	0	0	0	0	0	0	0	0	
0	0	0	0	0	0	0	0	0	0	0	
0	0	0	0	0	0	0	0	0	0	0	
0	0	0	0	0	0	0	0	0	0	0	
0	0	0	0	0	0	0	0	0	0	0	
0	0	0	0	0	0	0	0	0	0	0	
0	0	0	0	0	0	0	0	0	0	0	
0	0	0	0	0	0	0	0	0	0	0	
-------------------------Number of TCAM Overflow occurence-----------------
0
0
0
0
0
0
0
0
0
0
0
0
0
0
1
1
1
1
1
1
2
1
1
1
1
1
1
1
1
1
1
1
1
0
0
0
0
0
1
1
1
1
1
0
0
0
0
1
1
1
1
0
0
0
0
0
0
0
0
0
0
0
0
0
0
0
0
0
0
0
0
0
0
0
0
0
0
0
0
0
0
0
0
0
0
0
0
0
0
0
0
0
0
0
0
0
0
0
0
0
0
0
0
0
0
0
0
0
0
0
