-------------------------Distribution of TCAM Usage------------------------
317	0	-1	-1	-1	-1	-1	-1	-1	-1	-1	
330	0	-1	0	-1	-1	-1	-1	-1	-1	-1	
333	1	0	0	0	-1	-1	-1	-1	-1	-1	
334	1	1	0	0	-1	-1	-1	-1	-1	-1	
333	3	-1	2	1	-1	-1	-1	-1	-1	-1	
332	3	0	2	2	-1	-1	-1	-1	-1	-1	
333	3	1	2	2	-1	-1	-1	-1	-1	-1	
333	3	0	3	2	-1	-1	-1	-1	-1	-1	
332	4	-1	4	3	-1	-1	-1	-1	-1	-1	
330	6	-1	4	3	-1	-1	-1	-1	-1	-1	
329	6	0	4	4	-1	-1	-1	-1	-1	-1	
329	4	2	4	3	-1	-1	-1	-1	-1	-1	
329	4	2	4	4	-1	-1	-1	-1	-1	-1	
327	6	2	4	3	-1	-1	-1	-1	-1	-1	
327	6	1	5	3	-1	-1	-1	-1	-1	-1	
327	7	1	5	4	-1	-1	-1	-1	-1	-1	
328	7	1	5	3	-1	-1	-1	-1	-1	-1	
327	8	1	5	4	-1	-1	-1	-1	-1	-1	
327	8	1	5	3	-1	-1	-1	-1	-1	-1	
327	8	1	5	3	-1	-1	-1	-1	-1	-1	
327	8	1	5	4	-1	-1	-1	-1	-1	-1	
325	10	1	5	4	-1	-1	-1	-1	-1	-1	
327	8	1	5	3	-1	-1	-1	-1	-1	-1	
327	8	1	5	3	-1	-1	-1	-1	-1	-1	
327	8	1	5	3	-1	-1	-1	-1	-1	-1	
327	8	1	5	3	-1	-1	-1	-1	-1	-1	
326	9	1	5	1	-1	-1	-1	-1	-1	-1	
327	8	1	5	3	-1	-1	-1	-1	-1	-1	
326	9	2	4	3	-1	-1	-1	-1	-1	-1	
326	9	2	4	3	-1	-1	-1	-1	-1	-1	
326	9	2	4	3	-1	-1	-1	-1	-1	-1	
326	9	1	5	2	-1	-1	-1	-1	-1	-1	
326	9	1	5	2	-1	-1	-1	-1	-1	-1	
327	8	1	5	3	-1	-1	-1	-1	-1	-1	
327	7	1	5	3	-1	-1	-1	-1	-1	-1	
326	9	0	5	3	-1	-1	-1	-1	-1	-1	
325	8	1	5	2	-1	-1	-1	-1	-1	-1	
324	8	1	5	2	-1	-1	-1	-1	-1	-1	
324	9	0	5	2	-1	-1	-1	-1	-1	-1	
323	9	2	4	2	-1	-1	-1	-1	-1	-1	
324	10	1	4	2	-1	-1	-1	-1	-1	-1	
326	8	1	4	3	-1	-1	-1	-1	-1	-1	
325	9	0	5	3	-1	-1	-1	-1	-1	-1	
325	9	0	5	3	-1	-1	-1	-1	-1	-1	
326	8	0	5	2	-1	-1	-1	-1	-1	-1	
325	9	0	5	3	-1	-1	-1	-1	-1	-1	
325	9	0	5	3	-1	-1	-1	-1	-1	-1	
325	8	1	5	1	-1	-1	-1	-1	-1	-1	
325	9	0	5	2	-1	-1	-1	-1	-1	-1	
325	8	1	4	2	-1	-1	-1	-1	-1	-1	
325	7	1	5	2	-1	-1	-1	-1	-1	-1	
326	7	1	4	3	-1	-1	-1	-1	-1	-1	
329	5	4	0	-1	-1	-1	-1	-1	-1	-1	
-1	-1	-1	-1	-1	-1	-1	-1	-1	-1	-1	
-1	-1	-1	-1	-1	-1	-1	-1	-1	-1	-1	
-1	-1	-1	-1	-1	-1	-1	-1	-1	-1	-1	
-1	-1	-1	-1	-1	-1	-1	-1	-1	-1	-1	
-1	-1	-1	-1	-1	-1	-1	-1	-1	-1	-1	
-1	-1	-1	-1	-1	-1	-1	-1	-1	-1	-1	
-1	-1	-1	-1	-1	-1	-1	-1	-1	-1	-1	
-1	-1	-1	-1	-1	-1	-1	-1	-1	-1	-1	
-1	-1	-1	-1	-1	-1	-1	-1	-1	-1	-1	
-1	-1	-1	-1	-1	-1	-1	-1	-1	-1	-1	
-1	-1	-1	-1	-1	-1	-1	-1	-1	-1	-1	
-1	-1	-1	-1	-1	-1	-1	-1	-1	-1	-1	
-1	-1	-1	-1	-1	-1	-1	-1	-1	-1	-1	
-1	-1	-1	-1	-1	-1	-1	-1	-1	-1	-1	
-1	-1	-1	-1	-1	-1	-1	-1	-1	-1	-1	
-1	-1	-1	-1	-1	-1	-1	-1	-1	-1	-1	
-1	-1	-1	-1	-1	-1	-1	-1	-1	-1	-1	
-1	-1	-1	-1	-1	-1	-1	-1	-1	-1	-1	
-1	-1	-1	-1	-1	-1	-1	-1	-1	-1	-1	
-1	-1	-1	-1	-1	-1	-1	-1	-1	-1	-1	
-1	-1	-1	-1	-1	-1	-1	-1	-1	-1	-1	
-1	-1	-1	-1	-1	-1	-1	-1	-1	-1	-1	
-1	-1	-1	-1	-1	-1	-1	-1	-1	-1	-1	
-1	-1	-1	-1	-1	-1	-1	-1	-1	-1	-1	
-1	-1	-1	-1	-1	-1	-1	-1	-1	-1	-1	
-1	-1	-1	-1	-1	-1	-1	-1	-1	-1	-1	
-1	-1	-1	-1	-1	-1	-1	-1	-1	-1	-1	
-1	-1	-1	-1	-1	-1	-1	-1	-1	-1	-1	
-1	-1	-1	-1	-1	-1	-1	-1	-1	-1	-1	
-1	-1	-1	-1	-1	-1	-1	-1	-1	-1	-1	
-1	-1	-1	-1	-1	-1	-1	-1	-1	-1	-1	
-1	-1	-1	-1	-1	-1	-1	-1	-1	-1	-1	
-1	-1	-1	-1	-1	-1	-1	-1	-1	-1	-1	
-1	-1	-1	-1	-1	-1	-1	-1	-1	-1	-1	
-1	-1	-1	-1	-1	-1	-1	-1	-1	-1	-1	
-1	-1	-1	-1	-1	-1	-1	-1	-1	-1	-1	
-1	-1	-1	-1	-1	-1	-1	-1	-1	-1	-1	
-1	-1	-1	-1	-1	-1	-1	-1	-1	-1	-1	
-1	-1	-1	-1	-1	-1	-1	-1	-1	-1	-1	
-1	-1	-1	-1	-1	-1	-1	-1	-1	-1	-1	
-1	-1	-1	-1	-1	-1	-1	-1	-1	-1	-1	
-1	-1	-1	-1	-1	-1	-1	-1	-1	-1	-1	
-1	-1	-1	-1	-1	-1	-1	-1	-1	-1	-1	
-1	-1	-1	-1	-1	-1	-1	-1	-1	-1	-1	
-1	-1	-1	-1	-1	-1	-1	-1	-1	-1	-1	
-1	-1	-1	-1	-1	-1	-1	-1	-1	-1	-1	
-1	-1	-1	-1	-1	-1	-1	-1	-1	-1	-1	
-1	-1	-1	-1	-1	-1	-1	-1	-1	-1	-1	
-1	-1	-1	-1	-1	-1	-1	-1	-1	-1	-1	
-1	-1	-1	-1	-1	-1	-1	-1	-1	-1	-1	
-1	-1	-1	-1	-1	-1	-1	-1	-1	-1	-1	
-1	-1	-1	-1	-1	-1	-1	-1	-1	-1	-1	
-1	-1	-1	-1	-1	-1	-1	-1	-1	-1	-1	
-1	-1	-1	-1	-1	-1	-1	-1	-1	-1	-1	
-1	-1	-1	-1	-1	-1	-1	-1	-1	-1	-1	
-1	-1	-1	-1	-1	-1	-1	-1	-1	-1	-1	
-1	-1	-1	-1	-1	-1	-1	-1	-1	-1	-1	
-------------------------Number of TCAM Overflow occurence-----------------
-1
-1
0
0
1
2
2
2
3
3
4
3
4
3
3
4
3
4
3
3
4
4
3
3
3
3
1
3
3
3
3
2
2
3
3
3
2
2
2
2
2
3
3
3
2
3
3
1
2
2
2
3
-1
-1
-1
-1
-1
-1
-1
-1
-1
-1
-1
-1
-1
-1
-1
-1
-1
-1
-1
-1
-1
-1
-1
-1
-1
-1
-1
-1
-1
-1
-1
-1
-1
-1
-1
-1
-1
-1
-1
-1
-1
-1
-1
-1
-1
-1
-1
-1
-1
-1
-1
-1
-1
-1
-1
-1
-1
-1
-------------------------Distribution of TCAM Usage------------------------
325	0	-1	-1	-1	-1	-1	-1	-1	-1	-1	
335	0	0	-1	-1	-1	-1	-1	-1	-1	-1	
335	0	0	0	0	-1	-1	-1	-1	-1	-1	
336	0	1	0	0	-1	-1	-1	-1	-1	-1	
335	3	1	0	0	-1	-1	-1	-1	-1	-1	
335	3	-1	2	1	-1	-1	-1	-1	-1	-1	
334	4	-1	2	2	-1	-1	-1	-1	-1	-1	
333	4	0	2	2	-1	-1	-1	-1	-1	-1	
332	5	0	2	2	-1	-1	-1	-1	-1	-1	
333	3	2	2	2	-1	-1	-1	-1	-1	-1	
332	4	1	3	3	-1	-1	-1	-1	-1	-1	
330	4	3	3	3	-1	-1	-1	-1	-1	-1	
329	6	2	3	3	-1	-1	-1	-1	-1	-1	
329	6	2	3	3	-1	-1	-1	-1	-1	-1	
327	7	2	4	3	-1	-1	-1	-1	-1	-1	
327	7	1	5	3	-1	-1	-1	-1	-1	-1	
327	7	0	6	3	-1	-1	-1	-1	-1	-1	
328	6	0	6	3	-1	-1	-1	-1	-1	-1	
328	6	0	6	3	-1	-1	-1	-1	-1	-1	
328	6	0	6	3	-1	-1	-1	-1	-1	-1	
328	6	1	5	2	-1	-1	-1	-1	-1	-1	
325	9	0	6	4	-1	-1	-1	-1	-1	-1	
325	9	0	6	4	-1	-1	-1	-1	-1	-1	
325	8	0	6	4	-1	-1	-1	-1	-1	-1	
326	8	1	5	4	-1	-1	-1	-1	-1	-1	
326	8	1	5	5	-1	-1	-1	-1	-1	-1	
326	8	1	5	3	-1	-1	-1	-1	-1	-1	
328	6	1	5	4	-1	-1	-1	-1	-1	-1	
328	6	1	5	3	-1	-1	-1	-1	-1	-1	
326	7	1	5	3	-1	-1	-1	-1	-1	-1	
326	7	2	4	3	-1	-1	-1	-1	-1	-1	
325	8	2	4	3	-1	-1	-1	-1	-1	-1	
325	8	3	3	3	-1	-1	-1	-1	-1	-1	
325	8	3	3	3	-1	-1	-1	-1	-1	-1	
325	8	2	4	2	-1	-1	-1	-1	-1	-1	
325	8	2	4	2	-1	-1	-1	-1	-1	-1	
324	9	3	3	3	-1	-1	-1	-1	-1	-1	
324	9	2	4	3	-1	-1	-1	-1	-1	-1	
324	9	2	4	4	-1	-1	-1	-1	-1	-1	
327	8	2	4	2	-1	-1	-1	-1	-1	-1	
326	8	2	4	3	-1	-1	-1	-1	-1	-1	
326	10	1	4	2	-1	-1	-1	-1	-1	-1	
327	8	1	5	2	-1	-1	-1	-1	-1	-1	
327	8	1	5	3	-1	-1	-1	-1	-1	-1	
328	7	1	5	3	-1	-1	-1	-1	-1	-1	
326	10	-1	6	3	-1	-1	-1	-1	-1	-1	
327	9	-1	6	3	-1	-1	-1	-1	-1	-1	
326	10	-1	6	4	-1	-1	-1	-1	-1	-1	
327	9	-1	6	4	-1	-1	-1	-1	-1	-1	
327	9	-1	6	2	-1	-1	-1	-1	-1	-1	
328	7	0	6	2	-1	-1	-1	-1	-1	-1	
327	8	0	6	2	-1	-1	-1	-1	-1	-1	
330	5	3	3	-1	-1	-1	-1	-1	-1	-1	
-1	-1	-1	-1	-1	-1	-1	-1	-1	-1	-1	
-1	-1	-1	-1	-1	-1	-1	-1	-1	-1	-1	
-1	-1	-1	-1	-1	-1	-1	-1	-1	-1	-1	
-1	-1	-1	-1	-1	-1	-1	-1	-1	-1	-1	
-1	-1	-1	-1	-1	-1	-1	-1	-1	-1	-1	
-1	-1	-1	-1	-1	-1	-1	-1	-1	-1	-1	
-1	-1	-1	-1	-1	-1	-1	-1	-1	-1	-1	
-1	-1	-1	-1	-1	-1	-1	-1	-1	-1	-1	
-1	-1	-1	-1	-1	-1	-1	-1	-1	-1	-1	
-1	-1	-1	-1	-1	-1	-1	-1	-1	-1	-1	
-1	-1	-1	-1	-1	-1	-1	-1	-1	-1	-1	
-1	-1	-1	-1	-1	-1	-1	-1	-1	-1	-1	
-1	-1	-1	-1	-1	-1	-1	-1	-1	-1	-1	
-1	-1	-1	-1	-1	-1	-1	-1	-1	-1	-1	
-1	-1	-1	-1	-1	-1	-1	-1	-1	-1	-1	
-1	-1	-1	-1	-1	-1	-1	-1	-1	-1	-1	
-1	-1	-1	-1	-1	-1	-1	-1	-1	-1	-1	
-1	-1	-1	-1	-1	-1	-1	-1	-1	-1	-1	
-1	-1	-1	-1	-1	-1	-1	-1	-1	-1	-1	
-1	-1	-1	-1	-1	-1	-1	-1	-1	-1	-1	
-1	-1	-1	-1	-1	-1	-1	-1	-1	-1	-1	
-1	-1	-1	-1	-1	-1	-1	-1	-1	-1	-1	
-1	-1	-1	-1	-1	-1	-1	-1	-1	-1	-1	
-1	-1	-1	-1	-1	-1	-1	-1	-1	-1	-1	
-1	-1	-1	-1	-1	-1	-1	-1	-1	-1	-1	
-1	-1	-1	-1	-1	-1	-1	-1	-1	-1	-1	
-1	-1	-1	-1	-1	-1	-1	-1	-1	-1	-1	
-1	-1	-1	-1	-1	-1	-1	-1	-1	-1	-1	
-1	-1	-1	-1	-1	-1	-1	-1	-1	-1	-1	
-1	-1	-1	-1	-1	-1	-1	-1	-1	-1	-1	
-1	-1	-1	-1	-1	-1	-1	-1	-1	-1	-1	
-1	-1	-1	-1	-1	-1	-1	-1	-1	-1	-1	
-1	-1	-1	-1	-1	-1	-1	-1	-1	-1	-1	
-1	-1	-1	-1	-1	-1	-1	-1	-1	-1	-1	
-1	-1	-1	-1	-1	-1	-1	-1	-1	-1	-1	
-1	-1	-1	-1	-1	-1	-1	-1	-1	-1	-1	
-1	-1	-1	-1	-1	-1	-1	-1	-1	-1	-1	
-1	-1	-1	-1	-1	-1	-1	-1	-1	-1	-1	
-1	-1	-1	-1	-1	-1	-1	-1	-1	-1	-1	
-1	-1	-1	-1	-1	-1	-1	-1	-1	-1	-1	
-1	-1	-1	-1	-1	-1	-1	-1	-1	-1	-1	
-1	-1	-1	-1	-1	-1	-1	-1	-1	-1	-1	
-1	-1	-1	-1	-1	-1	-1	-1	-1	-1	-1	
-1	-1	-1	-1	-1	-1	-1	-1	-1	-1	-1	
-1	-1	-1	-1	-1	-1	-1	-1	-1	-1	-1	
-1	-1	-1	-1	-1	-1	-1	-1	-1	-1	-1	
-1	-1	-1	-1	-1	-1	-1	-1	-1	-1	-1	
-1	-1	-1	-1	-1	-1	-1	-1	-1	-1	-1	
-1	-1	-1	-1	-1	-1	-1	-1	-1	-1	-1	
-1	-1	-1	-1	-1	-1	-1	-1	-1	-1	-1	
-1	-1	-1	-1	-1	-1	-1	-1	-1	-1	-1	
-1	-1	-1	-1	-1	-1	-1	-1	-1	-1	-1	
-1	-1	-1	-1	-1	-1	-1	-1	-1	-1	-1	
-1	-1	-1	-1	-1	-1	-1	-1	-1	-1	-1	
-1	-1	-1	-1	-1	-1	-1	-1	-1	-1	-1	
-1	-1	-1	-1	-1	-1	-1	-1	-1	-1	-1	
-1	-1	-1	-1	-1	-1	-1	-1	-1	-1	-1	
-------------------------Number of TCAM Overflow occurence-----------------
-1
-1
0
0
0
1
2
2
2
2
3
3
3
3
3
3
3
3
3
3
2
4
4
4
4
5
3
4
3
3
3
3
3
3
2
2
3
3
4
2
3
2
2
3
3
3
3
4
4
2
2
2
-1
-1
-1
-1
-1
-1
-1
-1
-1
-1
-1
-1
-1
-1
-1
-1
-1
-1
-1
-1
-1
-1
-1
-1
-1
-1
-1
-1
-1
-1
-1
-1
-1
-1
-1
-1
-1
-1
-1
-1
-1
-1
-1
-1
-1
-1
-1
-1
-1
-1
-1
-1
-1
-1
-1
-1
-1
-1
