-------------------------Distribution of TCAM Usage------------------------
252	-1	-1	-1	-1	-1	-1	-1	-1	-1	-1	
252	-1	-1	-1	-1	-1	-1	-1	-1	-1	-1	
244	7	-1	-1	-1	-1	-1	-1	-1	-1	-1	
206	45	-1	-1	-1	-1	-1	-1	-1	-1	-1	
172	78	0	-1	-1	-1	-1	-1	-1	-1	-1	
136	109	5	-1	-1	-1	-1	-1	-1	-1	-1	
101	140	8	0	-1	-1	-1	-1	-1	-1	-1	
77	158	14	0	0	-1	-1	-1	-1	-1	-1	
61	158	24	6	0	-1	-1	-1	-1	-1	-1	
40	155	46	8	1	-1	-1	-1	-1	-1	-1	
34	153	53	9	7	-1	-1	-1	-1	-1	-1	
26	152	61	10	8	-1	-1	-1	-1	-1	-1	
18	151	63	17	9	-1	-1	-1	-1	-1	-1	
9	153	59	28	9	-1	-1	-1	-1	-1	-1	
4	152	57	36	14	-1	-1	-1	-1	-1	-1	
2	149	57	41	17	-1	-1	-1	-1	-1	-1	
1	144	60	44	22	-1	-1	-1	-1	-1	-1	
1	141	59	48	24	-1	-1	-1	-1	-1	-1	
-1	141	59	50	22	-1	-1	-1	-1	-1	-1	
-1	138	62	50	21	-1	-1	-1	-1	-1	-1	
0	137	61	51	18	-1	-1	-1	-1	-1	-1	
0	140	59	50	19	-1	-1	-1	-1	-1	-1	
0	134	65	50	21	-1	-1	-1	-1	-1	-1	
1	136	63	49	23	-1	-1	-1	-1	-1	-1	
1	134	64	50	18	-1	-1	-1	-1	-1	-1	
0	136	62	51	22	-1	-1	-1	-1	-1	-1	
0	137	62	50	20	-1	-1	-1	-1	-1	-1	
0	138	62	49	21	-1	-1	-1	-1	-1	-1	
-1	140	61	49	23	-1	-1	-1	-1	-1	-1	
-1	139	62	49	15	-1	-1	-1	-1	-1	-1	
-1	138	62	50	19	-1	-1	-1	-1	-1	-1	
-1	139	61	50	17	-1	-1	-1	-1	-1	-1	
-1	139	61	50	20	-1	-1	-1	-1	-1	-1	
0	136	64	49	19	-1	-1	-1	-1	-1	-1	
0	138	61	50	19	-1	-1	-1	-1	-1	-1	
0	137	61	51	18	-1	-1	-1	-1	-1	-1	
-1	137	62	51	19	-1	-1	-1	-1	-1	-1	
-1	136	61	53	20	-1	-1	-1	-1	-1	-1	
-1	138	61	51	21	-1	-1	-1	-1	-1	-1	
0	137	62	50	21	-1	-1	-1	-1	-1	-1	
0	137	61	51	19	-1	-1	-1	-1	-1	-1	
0	135	61	53	17	-1	-1	-1	-1	-1	-1	
-1	134	64	52	16	-1	-1	-1	-1	-1	-1	
0	133	65	51	15	-1	-1	-1	-1	-1	-1	
0	135	62	52	19	-1	-1	-1	-1	-1	-1	
0	134	66	49	17	-1	-1	-1	-1	-1	-1	
-1	134	66	50	19	-1	-1	-1	-1	-1	-1	
-1	135	64	51	21	-1	-1	-1	-1	-1	-1	
-1	138	59	53	19	-1	-1	-1	-1	-1	-1	
-1	141	56	53	19	-1	-1	-1	-1	-1	-1	
-1	138	59	53	17	-1	-1	-1	-1	-1	-1	
0	139	56	54	14	-1	-1	-1	-1	-1	-1	
4	159	61	25	-1	-1	-1	-1	-1	-1	-1	
-1	-1	-1	-1	-1	-1	-1	-1	-1	-1	-1	
-1	-1	-1	-1	-1	-1	-1	-1	-1	-1	-1	
-1	-1	-1	-1	-1	-1	-1	-1	-1	-1	-1	
-1	-1	-1	-1	-1	-1	-1	-1	-1	-1	-1	
-1	-1	-1	-1	-1	-1	-1	-1	-1	-1	-1	
-1	-1	-1	-1	-1	-1	-1	-1	-1	-1	-1	
-1	-1	-1	-1	-1	-1	-1	-1	-1	-1	-1	
-1	-1	-1	-1	-1	-1	-1	-1	-1	-1	-1	
-1	-1	-1	-1	-1	-1	-1	-1	-1	-1	-1	
-1	-1	-1	-1	-1	-1	-1	-1	-1	-1	-1	
-1	-1	-1	-1	-1	-1	-1	-1	-1	-1	-1	
-1	-1	-1	-1	-1	-1	-1	-1	-1	-1	-1	
-1	-1	-1	-1	-1	-1	-1	-1	-1	-1	-1	
-1	-1	-1	-1	-1	-1	-1	-1	-1	-1	-1	
-1	-1	-1	-1	-1	-1	-1	-1	-1	-1	-1	
-1	-1	-1	-1	-1	-1	-1	-1	-1	-1	-1	
-1	-1	-1	-1	-1	-1	-1	-1	-1	-1	-1	
-1	-1	-1	-1	-1	-1	-1	-1	-1	-1	-1	
-1	-1	-1	-1	-1	-1	-1	-1	-1	-1	-1	
-1	-1	-1	-1	-1	-1	-1	-1	-1	-1	-1	
-1	-1	-1	-1	-1	-1	-1	-1	-1	-1	-1	
-1	-1	-1	-1	-1	-1	-1	-1	-1	-1	-1	
-1	-1	-1	-1	-1	-1	-1	-1	-1	-1	-1	
-1	-1	-1	-1	-1	-1	-1	-1	-1	-1	-1	
-1	-1	-1	-1	-1	-1	-1	-1	-1	-1	-1	
-1	-1	-1	-1	-1	-1	-1	-1	-1	-1	-1	
-1	-1	-1	-1	-1	-1	-1	-1	-1	-1	-1	
-1	-1	-1	-1	-1	-1	-1	-1	-1	-1	-1	
-1	-1	-1	-1	-1	-1	-1	-1	-1	-1	-1	
-1	-1	-1	-1	-1	-1	-1	-1	-1	-1	-1	
-1	-1	-1	-1	-1	-1	-1	-1	-1	-1	-1	
-1	-1	-1	-1	-1	-1	-1	-1	-1	-1	-1	
-1	-1	-1	-1	-1	-1	-1	-1	-1	-1	-1	
-1	-1	-1	-1	-1	-1	-1	-1	-1	-1	-1	
-1	-1	-1	-1	-1	-1	-1	-1	-1	-1	-1	
-1	-1	-1	-1	-1	-1	-1	-1	-1	-1	-1	
-1	-1	-1	-1	-1	-1	-1	-1	-1	-1	-1	
-1	-1	-1	-1	-1	-1	-1	-1	-1	-1	-1	
-1	-1	-1	-1	-1	-1	-1	-1	-1	-1	-1	
-1	-1	-1	-1	-1	-1	-1	-1	-1	-1	-1	
-1	-1	-1	-1	-1	-1	-1	-1	-1	-1	-1	
-1	-1	-1	-1	-1	-1	-1	-1	-1	-1	-1	
-1	-1	-1	-1	-1	-1	-1	-1	-1	-1	-1	
-1	-1	-1	-1	-1	-1	-1	-1	-1	-1	-1	
-1	-1	-1	-1	-1	-1	-1	-1	-1	-1	-1	
-1	-1	-1	-1	-1	-1	-1	-1	-1	-1	-1	
-1	-1	-1	-1	-1	-1	-1	-1	-1	-1	-1	
-1	-1	-1	-1	-1	-1	-1	-1	-1	-1	-1	
-1	-1	-1	-1	-1	-1	-1	-1	-1	-1	-1	
-1	-1	-1	-1	-1	-1	-1	-1	-1	-1	-1	
-1	-1	-1	-1	-1	-1	-1	-1	-1	-1	-1	
-1	-1	-1	-1	-1	-1	-1	-1	-1	-1	-1	
-1	-1	-1	-1	-1	-1	-1	-1	-1	-1	-1	
-1	-1	-1	-1	-1	-1	-1	-1	-1	-1	-1	
-1	-1	-1	-1	-1	-1	-1	-1	-1	-1	-1	
-1	-1	-1	-1	-1	-1	-1	-1	-1	-1	-1	
-1	-1	-1	-1	-1	-1	-1	-1	-1	-1	-1	
-------------------------Number of TCAM Overflow occurence-----------------
-1
-1
-1
-1
-1
-1
-1
0
0
1
7
8
9
9
14
17
22
24
22
21
18
19
21
23
18
22
20
21
23
15
19
17
20
19
19
18
19
20
21
21
19
17
16
15
19
17
19
21
19
19
17
14
-1
-1
-1
-1
-1
-1
-1
-1
-1
-1
-1
-1
-1
-1
-1
-1
-1
-1
-1
-1
-1
-1
-1
-1
-1
-1
-1
-1
-1
-1
-1
-1
-1
-1
-1
-1
-1
-1
-1
-1
-1
-1
-1
-1
-1
-1
-1
-1
-1
-1
-1
-1
-1
-1
-1
-1
-1
-1
