-------------------------Distribution of TCAM Usage------------------------
329	2	-1	-1	-1	-1	-1	-1	-1	-1	-1	
332	1	0	1	0	-1	-1	-1	-1	-1	-1	
333	3	0	2	2	-1	-1	-1	-1	-1	-1	
333	2	1	3	2	-1	-1	-1	-1	-1	-1	
328	5	2	4	3	-1	-1	-1	-1	-1	-1	
326	7	0	6	5	-1	-1	-1	-1	-1	-1	
325	8	-1	7	6	-1	-1	-1	-1	-1	-1	
319	14	-1	7	7	-1	-1	-1	-1	-1	-1	
313	19	0	7	7	-1	-1	-1	-1	-1	-1	
312	17	3	7	7	-1	-1	-1	-1	-1	-1	
310	17	5	7	7	-1	-1	-1	-1	-1	-1	
311	16	6	7	7	-1	-1	-1	-1	-1	-1	
308	18	7	7	7	-1	-1	-1	-1	-1	-1	
308	20	6	7	7	-1	-1	-1	-1	-1	-1	
306	22	4	9	7	-1	-1	-1	-1	-1	-1	
305	21	7	8	6	-1	-1	-1	-1	-1	-1	
302	22	8	9	7	-1	-1	-1	-1	-1	-1	
303	22	7	10	7	-1	-1	-1	-1	-1	-1	
303	22	6	11	8	-1	-1	-1	-1	-1	-1	
305	19	9	9	7	-1	-1	-1	-1	-1	-1	
305	19	9	9	7	-1	-1	-1	-1	-1	-1	
303	20	8	10	5	-1	-1	-1	-1	-1	-1	
304	19	8	10	8	-1	-1	-1	-1	-1	-1	
304	20	5	12	6	-1	-1	-1	-1	-1	-1	
303	21	5	12	7	-1	-1	-1	-1	-1	-1	
305	21	6	10	7	-1	-1	-1	-1	-1	-1	
307	19	4	12	6	-1	-1	-1	-1	-1	-1	
306	20	5	11	7	-1	-1	-1	-1	-1	-1	
305	21	4	12	7	-1	-1	-1	-1	-1	-1	
308	18	3	13	10	-1	-1	-1	-1	-1	-1	
305	19	4	13	8	-1	-1	-1	-1	-1	-1	
304	20	4	13	8	-1	-1	-1	-1	-1	-1	
303	22	3	13	9	-1	-1	-1	-1	-1	-1	
303	23	2	13	10	-1	-1	-1	-1	-1	-1	
303	24	3	12	8	-1	-1	-1	-1	-1	-1	
303	24	2	13	8	-1	-1	-1	-1	-1	-1	
301	26	2	13	9	-1	-1	-1	-1	-1	-1	
302	23	3	13	8	-1	-1	-1	-1	-1	-1	
301	25	2	13	9	-1	-1	-1	-1	-1	-1	
300	26	2	13	8	-1	-1	-1	-1	-1	-1	
300	26	3	12	10	-1	-1	-1	-1	-1	-1	
303	22	5	11	8	-1	-1	-1	-1	-1	-1	
301	26	3	11	7	-1	-1	-1	-1	-1	-1	
301	25	5	10	7	-1	-1	-1	-1	-1	-1	
301	25	4	11	8	-1	-1	-1	-1	-1	-1	
302	23	5	11	7	-1	-1	-1	-1	-1	-1	
302	24	4	11	8	-1	-1	-1	-1	-1	-1	
302	23	5	11	8	-1	-1	-1	-1	-1	-1	
303	22	5	11	10	-1	-1	-1	-1	-1	-1	
304	20	6	11	8	-1	-1	-1	-1	-1	-1	
303	21	7	10	9	-1	-1	-1	-1	-1	-1	
305	19	6	11	7	-1	-1	-1	-1	-1	-1	
308	16	12	5	-1	-1	-1	-1	-1	-1	-1	
-1	-1	-1	-1	-1	-1	-1	-1	-1	-1	-1	
-1	-1	-1	-1	-1	-1	-1	-1	-1	-1	-1	
-1	-1	-1	-1	-1	-1	-1	-1	-1	-1	-1	
-1	-1	-1	-1	-1	-1	-1	-1	-1	-1	-1	
-1	-1	-1	-1	-1	-1	-1	-1	-1	-1	-1	
-1	-1	-1	-1	-1	-1	-1	-1	-1	-1	-1	
-1	-1	-1	-1	-1	-1	-1	-1	-1	-1	-1	
-1	-1	-1	-1	-1	-1	-1	-1	-1	-1	-1	
-1	-1	-1	-1	-1	-1	-1	-1	-1	-1	-1	
-1	-1	-1	-1	-1	-1	-1	-1	-1	-1	-1	
-1	-1	-1	-1	-1	-1	-1	-1	-1	-1	-1	
-1	-1	-1	-1	-1	-1	-1	-1	-1	-1	-1	
-1	-1	-1	-1	-1	-1	-1	-1	-1	-1	-1	
-1	-1	-1	-1	-1	-1	-1	-1	-1	-1	-1	
-1	-1	-1	-1	-1	-1	-1	-1	-1	-1	-1	
-1	-1	-1	-1	-1	-1	-1	-1	-1	-1	-1	
-1	-1	-1	-1	-1	-1	-1	-1	-1	-1	-1	
-1	-1	-1	-1	-1	-1	-1	-1	-1	-1	-1	
-1	-1	-1	-1	-1	-1	-1	-1	-1	-1	-1	
-1	-1	-1	-1	-1	-1	-1	-1	-1	-1	-1	
-1	-1	-1	-1	-1	-1	-1	-1	-1	-1	-1	
-1	-1	-1	-1	-1	-1	-1	-1	-1	-1	-1	
-1	-1	-1	-1	-1	-1	-1	-1	-1	-1	-1	
-1	-1	-1	-1	-1	-1	-1	-1	-1	-1	-1	
-1	-1	-1	-1	-1	-1	-1	-1	-1	-1	-1	
-1	-1	-1	-1	-1	-1	-1	-1	-1	-1	-1	
-1	-1	-1	-1	-1	-1	-1	-1	-1	-1	-1	
-1	-1	-1	-1	-1	-1	-1	-1	-1	-1	-1	
-1	-1	-1	-1	-1	-1	-1	-1	-1	-1	-1	
-1	-1	-1	-1	-1	-1	-1	-1	-1	-1	-1	
-1	-1	-1	-1	-1	-1	-1	-1	-1	-1	-1	
-1	-1	-1	-1	-1	-1	-1	-1	-1	-1	-1	
-1	-1	-1	-1	-1	-1	-1	-1	-1	-1	-1	
-1	-1	-1	-1	-1	-1	-1	-1	-1	-1	-1	
-1	-1	-1	-1	-1	-1	-1	-1	-1	-1	-1	
-1	-1	-1	-1	-1	-1	-1	-1	-1	-1	-1	
-1	-1	-1	-1	-1	-1	-1	-1	-1	-1	-1	
-1	-1	-1	-1	-1	-1	-1	-1	-1	-1	-1	
-1	-1	-1	-1	-1	-1	-1	-1	-1	-1	-1	
-1	-1	-1	-1	-1	-1	-1	-1	-1	-1	-1	
-1	-1	-1	-1	-1	-1	-1	-1	-1	-1	-1	
-1	-1	-1	-1	-1	-1	-1	-1	-1	-1	-1	
-1	-1	-1	-1	-1	-1	-1	-1	-1	-1	-1	
-1	-1	-1	-1	-1	-1	-1	-1	-1	-1	-1	
-1	-1	-1	-1	-1	-1	-1	-1	-1	-1	-1	
-1	-1	-1	-1	-1	-1	-1	-1	-1	-1	-1	
-1	-1	-1	-1	-1	-1	-1	-1	-1	-1	-1	
-1	-1	-1	-1	-1	-1	-1	-1	-1	-1	-1	
-1	-1	-1	-1	-1	-1	-1	-1	-1	-1	-1	
-1	-1	-1	-1	-1	-1	-1	-1	-1	-1	-1	
-1	-1	-1	-1	-1	-1	-1	-1	-1	-1	-1	
-1	-1	-1	-1	-1	-1	-1	-1	-1	-1	-1	
-1	-1	-1	-1	-1	-1	-1	-1	-1	-1	-1	
-1	-1	-1	-1	-1	-1	-1	-1	-1	-1	-1	
-1	-1	-1	-1	-1	-1	-1	-1	-1	-1	-1	
-1	-1	-1	-1	-1	-1	-1	-1	-1	-1	-1	
-1	-1	-1	-1	-1	-1	-1	-1	-1	-1	-1	
-------------------------Number of TCAM Overflow occurence-----------------
-1
0
2
2
3
5
6
7
7
7
7
7
7
7
7
6
7
7
8
7
7
5
8
6
7
7
6
7
7
10
8
8
9
10
8
8
9
8
9
8
10
8
7
7
8
7
8
8
10
8
9
7
-1
-1
-1
-1
-1
-1
-1
-1
-1
-1
-1
-1
-1
-1
-1
-1
-1
-1
-1
-1
-1
-1
-1
-1
-1
-1
-1
-1
-1
-1
-1
-1
-1
-1
-1
-1
-1
-1
-1
-1
-1
-1
-1
-1
-1
-1
-1
-1
-1
-1
-1
-1
-1
-1
-1
-1
-1
-1
-------------------------Distribution of TCAM Usage------------------------
331	0	0	-1	-1	-1	-1	-1	-1	-1	-1	
333	2	1	0	0	-1	-1	-1	-1	-1	-1	
333	3	0	2	2	-1	-1	-1	-1	-1	-1	
331	3	2	2	2	-1	-1	-1	-1	-1	-1	
327	6	0	5	3	-1	-1	-1	-1	-1	-1	
324	9	0	6	5	-1	-1	-1	-1	-1	-1	
320	13	0	6	6	-1	-1	-1	-1	-1	-1	
319	13	0	7	6	-1	-1	-1	-1	-1	-1	
315	15	2	7	7	-1	-1	-1	-1	-1	-1	
311	19	2	7	7	-1	-1	-1	-1	-1	-1	
309	21	2	7	7	-1	-1	-1	-1	-1	-1	
309	19	4	7	7	-1	-1	-1	-1	-1	-1	
309	18	5	8	7	-1	-1	-1	-1	-1	-1	
306	21	4	9	7	-1	-1	-1	-1	-1	-1	
303	24	4	9	8	-1	-1	-1	-1	-1	-1	
304	23	4	10	8	-1	-1	-1	-1	-1	-1	
303	24	3	10	7	-1	-1	-1	-1	-1	-1	
301	25	4	10	8	-1	-1	-1	-1	-1	-1	
301	25	3	11	7	-1	-1	-1	-1	-1	-1	
300	25	5	10	8	-1	-1	-1	-1	-1	-1	
300	27	3	11	9	-1	-1	-1	-1	-1	-1	
299	28	3	11	10	-1	-1	-1	-1	-1	-1	
302	25	3	11	9	-1	-1	-1	-1	-1	-1	
302	24	4	11	8	-1	-1	-1	-1	-1	-1	
302	24	4	11	8	-1	-1	-1	-1	-1	-1	
302	25	3	11	8	-1	-1	-1	-1	-1	-1	
301	27	3	11	9	-1	-1	-1	-1	-1	-1	
304	22	5	11	7	-1	-1	-1	-1	-1	-1	
304	21	6	11	8	-1	-1	-1	-1	-1	-1	
304	22	5	11	6	-1	-1	-1	-1	-1	-1	
304	19	6	12	6	-1	-1	-1	-1	-1	-1	
305	18	6	12	7	-1	-1	-1	-1	-1	-1	
303	19	8	11	6	-1	-1	-1	-1	-1	-1	
305	21	5	11	7	-1	-1	-1	-1	-1	-1	
305	20	6	11	9	-1	-1	-1	-1	-1	-1	
302	21	6	12	9	-1	-1	-1	-1	-1	-1	
304	20	5	12	9	-1	-1	-1	-1	-1	-1	
305	19	5	12	9	-1	-1	-1	-1	-1	-1	
304	20	5	12	9	-1	-1	-1	-1	-1	-1	
303	21	5	12	7	-1	-1	-1	-1	-1	-1	
301	23	5	12	8	-1	-1	-1	-1	-1	-1	
303	21	6	12	7	-1	-1	-1	-1	-1	-1	
302	23	5	12	7	-1	-1	-1	-1	-1	-1	
303	21	6	12	9	-1	-1	-1	-1	-1	-1	
302	22	6	12	8	-1	-1	-1	-1	-1	-1	
302	22	6	12	7	-1	-1	-1	-1	-1	-1	
302	23	5	12	9	-1	-1	-1	-1	-1	-1	
303	24	4	11	8	-1	-1	-1	-1	-1	-1	
304	22	6	10	9	-1	-1	-1	-1	-1	-1	
304	21	7	10	8	-1	-1	-1	-1	-1	-1	
302	23	5	12	8	-1	-1	-1	-1	-1	-1	
303	23	6	10	8	-1	-1	-1	-1	-1	-1	
308	21	3	10	1	-1	-1	-1	-1	-1	-1	
-1	-1	-1	-1	-1	-1	-1	-1	-1	-1	-1	
-1	-1	-1	-1	-1	-1	-1	-1	-1	-1	-1	
-1	-1	-1	-1	-1	-1	-1	-1	-1	-1	-1	
-1	-1	-1	-1	-1	-1	-1	-1	-1	-1	-1	
-1	-1	-1	-1	-1	-1	-1	-1	-1	-1	-1	
-1	-1	-1	-1	-1	-1	-1	-1	-1	-1	-1	
-1	-1	-1	-1	-1	-1	-1	-1	-1	-1	-1	
-1	-1	-1	-1	-1	-1	-1	-1	-1	-1	-1	
-1	-1	-1	-1	-1	-1	-1	-1	-1	-1	-1	
-1	-1	-1	-1	-1	-1	-1	-1	-1	-1	-1	
-1	-1	-1	-1	-1	-1	-1	-1	-1	-1	-1	
-1	-1	-1	-1	-1	-1	-1	-1	-1	-1	-1	
-1	-1	-1	-1	-1	-1	-1	-1	-1	-1	-1	
-1	-1	-1	-1	-1	-1	-1	-1	-1	-1	-1	
-1	-1	-1	-1	-1	-1	-1	-1	-1	-1	-1	
-1	-1	-1	-1	-1	-1	-1	-1	-1	-1	-1	
-1	-1	-1	-1	-1	-1	-1	-1	-1	-1	-1	
-1	-1	-1	-1	-1	-1	-1	-1	-1	-1	-1	
-1	-1	-1	-1	-1	-1	-1	-1	-1	-1	-1	
-1	-1	-1	-1	-1	-1	-1	-1	-1	-1	-1	
-1	-1	-1	-1	-1	-1	-1	-1	-1	-1	-1	
-1	-1	-1	-1	-1	-1	-1	-1	-1	-1	-1	
-1	-1	-1	-1	-1	-1	-1	-1	-1	-1	-1	
-1	-1	-1	-1	-1	-1	-1	-1	-1	-1	-1	
-1	-1	-1	-1	-1	-1	-1	-1	-1	-1	-1	
-1	-1	-1	-1	-1	-1	-1	-1	-1	-1	-1	
-1	-1	-1	-1	-1	-1	-1	-1	-1	-1	-1	
-1	-1	-1	-1	-1	-1	-1	-1	-1	-1	-1	
-1	-1	-1	-1	-1	-1	-1	-1	-1	-1	-1	
-1	-1	-1	-1	-1	-1	-1	-1	-1	-1	-1	
-1	-1	-1	-1	-1	-1	-1	-1	-1	-1	-1	
-1	-1	-1	-1	-1	-1	-1	-1	-1	-1	-1	
-1	-1	-1	-1	-1	-1	-1	-1	-1	-1	-1	
-1	-1	-1	-1	-1	-1	-1	-1	-1	-1	-1	
-1	-1	-1	-1	-1	-1	-1	-1	-1	-1	-1	
-1	-1	-1	-1	-1	-1	-1	-1	-1	-1	-1	
-1	-1	-1	-1	-1	-1	-1	-1	-1	-1	-1	
-1	-1	-1	-1	-1	-1	-1	-1	-1	-1	-1	
-1	-1	-1	-1	-1	-1	-1	-1	-1	-1	-1	
-1	-1	-1	-1	-1	-1	-1	-1	-1	-1	-1	
-1	-1	-1	-1	-1	-1	-1	-1	-1	-1	-1	
-1	-1	-1	-1	-1	-1	-1	-1	-1	-1	-1	
-1	-1	-1	-1	-1	-1	-1	-1	-1	-1	-1	
-1	-1	-1	-1	-1	-1	-1	-1	-1	-1	-1	
-1	-1	-1	-1	-1	-1	-1	-1	-1	-1	-1	
-1	-1	-1	-1	-1	-1	-1	-1	-1	-1	-1	
-1	-1	-1	-1	-1	-1	-1	-1	-1	-1	-1	
-1	-1	-1	-1	-1	-1	-1	-1	-1	-1	-1	
-1	-1	-1	-1	-1	-1	-1	-1	-1	-1	-1	
-1	-1	-1	-1	-1	-1	-1	-1	-1	-1	-1	
-1	-1	-1	-1	-1	-1	-1	-1	-1	-1	-1	
-1	-1	-1	-1	-1	-1	-1	-1	-1	-1	-1	
-1	-1	-1	-1	-1	-1	-1	-1	-1	-1	-1	
-1	-1	-1	-1	-1	-1	-1	-1	-1	-1	-1	
-1	-1	-1	-1	-1	-1	-1	-1	-1	-1	-1	
-1	-1	-1	-1	-1	-1	-1	-1	-1	-1	-1	
-1	-1	-1	-1	-1	-1	-1	-1	-1	-1	-1	
-------------------------Number of TCAM Overflow occurence-----------------
-1
0
2
2
3
5
6
6
7
7
7
7
7
7
8
8
7
8
7
8
9
10
9
8
8
8
9
7
8
6
6
7
6
7
9
9
9
9
9
7
8
7
7
9
8
7
9
8
9
8
8
8
1
-1
-1
-1
-1
-1
-1
-1
-1
-1
-1
-1
-1
-1
-1
-1
-1
-1
-1
-1
-1
-1
-1
-1
-1
-1
-1
-1
-1
-1
-1
-1
-1
-1
-1
-1
-1
-1
-1
-1
-1
-1
-1
-1
-1
-1
-1
-1
-1
-1
-1
-1
-1
-1
-1
-1
-1
-1
