-------------------------Distribution of TCAM Usage------------------------
252	1	0	0	0	0	0	0	0	0	0	
210	43	0	0	0	0	0	0	0	0	0	
128	118	7	0	0	0	0	0	0	0	0	
64	163	25	1	0	0	0	0	0	0	0	
33	153	59	8	0	0	0	0	0	0	0	
15	142	83	12	1	0	0	0	0	0	0	
1	122	87	35	8	0	0	0	0	0	0	
0	91	93	59	9	1	0	0	0	0	0	
0	76	101	57	13	6	0	0	0	0	0	
0	61	104	56	23	8	1	0	0	0	0	
0	48	98	58	38	6	5	0	0	0	0	
0	40	86	67	45	8	7	0	0	0	0	
0	31	85	68	50	11	7	1	0	0	0	
0	22	85	71	47	18	6	4	0	0	0	
0	16	82	77	43	24	6	4	1	0	0	
0	13	80	79	37	32	7	4	1	0	0	
0	10	82	77	39	32	6	6	1	0	0	
0	8	76	77	43	35	7	6	1	0	0	
0	8	71	83	39	38	7	5	2	0	0	
0	7	75	76	41	39	7	6	2	0	0	
0	6	75	77	41	40	7	4	2	1	0	
0	5	75	78	40	42	5	5	2	1	0	
0	8	71	81	39	40	6	6	1	1	0	
0	6	74	80	39	38	8	6	1	1	0	
0	8	74	76	45	35	8	5	2	0	0	
0	7	75	75	44	38	7	5	2	0	0	
0	4	76	79	41	39	7	5	1	1	0	
0	6	76	78	40	38	8	6	0	1	0	
0	5	73	78	45	39	5	6	1	1	0	
0	6	70	79	46	38	8	5	0	1	0	
0	5	74	77	44	39	8	5	1	0	0	
0	6	76	74	45	38	8	5	1	0	0	
0	8	74	76	47	34	8	4	2	0	0	
0	5	77	77	42	37	9	4	1	1	0	
0	7	78	71	46	35	10	4	1	1	0	
0	7	79	72	45	35	8	5	2	0	0	
0	9	79	67	45	37	9	5	2	0	0	
0	7	79	71	45	35	9	4	2	1	0	
0	8	79	70	43	36	9	6	1	1	0	
0	7	77	73	44	34	12	4	1	1	0	
0	8	76	73	42	35	12	5	1	1	0	
0	10	72	75	42	34	14	5	0	1	0	
0	6	77	75	41	38	10	4	1	1	0	
0	8	77	73	39	41	9	4	1	1	0	
0	6	76	77	39	39	11	3	1	1	0	
0	5	74	78	42	38	12	2	1	1	0	
0	8	73	77	40	39	12	2	1	1	0	
0	8	74	74	41	40	10	4	1	1	0	
0	7	74	73	44	38	11	5	0	1	0	
0	6	77	71	47	38	8	5	0	1	0	
0	7	77	69	47	39	7	6	0	1	0	
0	8	76	71	44	40	7	6	1	0	0	
0	24	81	71	47	21	7	1	1	0	0	
0	0	0	0	0	0	0	0	0	0	0	
0	0	0	0	0	0	0	0	0	0	0	
0	0	0	0	0	0	0	0	0	0	0	
0	0	0	0	0	0	0	0	0	0	0	
0	0	0	0	0	0	0	0	0	0	0	
0	0	0	0	0	0	0	0	0	0	0	
0	0	0	0	0	0	0	0	0	0	0	
0	0	0	0	0	0	0	0	0	0	0	
0	0	0	0	0	0	0	0	0	0	0	
0	0	0	0	0	0	0	0	0	0	0	
0	0	0	0	0	0	0	0	0	0	0	
0	0	0	0	0	0	0	0	0	0	0	
0	0	0	0	0	0	0	0	0	0	0	
0	0	0	0	0	0	0	0	0	0	0	
0	0	0	0	0	0	0	0	0	0	0	
0	0	0	0	0	0	0	0	0	0	0	
0	0	0	0	0	0	0	0	0	0	0	
0	0	0	0	0	0	0	0	0	0	0	
0	0	0	0	0	0	0	0	0	0	0	
0	0	0	0	0	0	0	0	0	0	0	
0	0	0	0	0	0	0	0	0	0	0	
0	0	0	0	0	0	0	0	0	0	0	
0	0	0	0	0	0	0	0	0	0	0	
0	0	0	0	0	0	0	0	0	0	0	
0	0	0	0	0	0	0	0	0	0	0	
0	0	0	0	0	0	0	0	0	0	0	
0	0	0	0	0	0	0	0	0	0	0	
0	0	0	0	0	0	0	0	0	0	0	
0	0	0	0	0	0	0	0	0	0	0	
0	0	0	0	0	0	0	0	0	0	0	
0	0	0	0	0	0	0	0	0	0	0	
0	0	0	0	0	0	0	0	0	0	0	
0	0	0	0	0	0	0	0	0	0	0	
0	0	0	0	0	0	0	0	0	0	0	
0	0	0	0	0	0	0	0	0	0	0	
0	0	0	0	0	0	0	0	0	0	0	
0	0	0	0	0	0	0	0	0	0	0	
0	0	0	0	0	0	0	0	0	0	0	
0	0	0	0	0	0	0	0	0	0	0	
0	0	0	0	0	0	0	0	0	0	0	
0	0	0	0	0	0	0	0	0	0	0	
0	0	0	0	0	0	0	0	0	0	0	
0	0	0	0	0	0	0	0	0	0	0	
0	0	0	0	0	0	0	0	0	0	0	
0	0	0	0	0	0	0	0	0	0	0	
0	0	0	0	0	0	0	0	0	0	0	
0	0	0	0	0	0	0	0	0	0	0	
0	0	0	0	0	0	0	0	0	0	0	
0	0	0	0	0	0	0	0	0	0	0	
0	0	0	0	0	0	0	0	0	0	0	
0	0	0	0	0	0	0	0	0	0	0	
0	0	0	0	0	0	0	0	0	0	0	
0	0	0	0	0	0	0	0	0	0	0	
0	0	0	0	0	0	0	0	0	0	0	
0	0	0	0	0	0	0	0	0	0	0	
0	0	0	0	0	0	0	0	0	0	0	
0	0	0	0	0	0	0	0	0	0	0	
-------------------------Number of TCAM Overflow occurence-----------------
0
0
0
0
0
0
0
0
0
0
0
0
0
0
0
0
0
0
0
0
0
0
0
0
0
0
0
0
0
0
0
0
0
0
0
0
0
0
0
0
0
0
0
0
0
0
0
0
0
0
0
0
0
0
0
0
0
0
0
0
0
0
0
0
0
0
0
0
0
0
0
0
0
0
0
0
0
0
0
0
0
0
0
0
0
0
0
0
0
0
0
0
0
0
0
0
0
0
0
0
0
0
0
0
0
0
0
0
0
0
