-------------------------Distribution of TCAM Usage------------------------
295	-1	-1	-1	-1	-1	-1	-1	-1	-1	-1	
325	0	-1	-1	-1	-1	-1	-1	-1	-1	-1	
332	-1	0	-1	-1	-1	-1	-1	-1	-1	-1	
334	0	0	-1	-1	-1	-1	-1	-1	-1	-1	
335	1	0	-1	-1	-1	-1	-1	-1	-1	-1	
335	1	-1	0	0	-1	-1	-1	-1	-1	-1	
336	2	-1	0	0	-1	-1	-1	-1	-1	-1	
337	1	0	0	0	-1	-1	-1	-1	-1	-1	
336	2	0	0	0	-1	-1	-1	-1	-1	-1	
336	2	-1	1	0	-1	-1	-1	-1	-1	-1	
335	2	0	1	-1	-1	-1	-1	-1	-1	-1	
334	3	0	1	0	-1	-1	-1	-1	-1	-1	
334	2	1	1	0	-1	-1	-1	-1	-1	-1	
333	3	1	1	1	-1	-1	-1	-1	-1	-1	
333	2	2	1	0	-1	-1	-1	-1	-1	-1	
332	2	2	1	0	-1	-1	-1	-1	-1	-1	
331	2	2	1	1	-1	-1	-1	-1	-1	-1	
334	3	1	1	1	-1	-1	-1	-1	-1	-1	
335	3	1	1	1	-1	-1	-1	-1	-1	-1	
335	3	0	2	1	-1	-1	-1	-1	-1	-1	
335	4	-1	2	0	-1	-1	-1	-1	-1	-1	
335	3	0	2	1	-1	-1	-1	-1	-1	-1	
335	3	0	2	0	-1	-1	-1	-1	-1	-1	
335	2	1	2	1	-1	-1	-1	-1	-1	-1	
335	3	1	1	0	-1	-1	-1	-1	-1	-1	
335	3	1	1	-1	-1	-1	-1	-1	-1	-1	
335	3	1	1	0	-1	-1	-1	-1	-1	-1	
335	3	1	1	-1	-1	-1	-1	-1	-1	-1	
335	3	1	1	0	-1	-1	-1	-1	-1	-1	
336	3	-1	2	0	-1	-1	-1	-1	-1	-1	
335	3	1	1	0	-1	-1	-1	-1	-1	-1	
335	3	0	2	1	-1	-1	-1	-1	-1	-1	
335	3	1	1	1	-1	-1	-1	-1	-1	-1	
335	4	-1	2	1	-1	-1	-1	-1	-1	-1	
334	4	-1	2	2	-1	-1	-1	-1	-1	-1	
334	4	-1	2	2	-1	-1	-1	-1	-1	-1	
334	4	-1	2	1	-1	-1	-1	-1	-1	-1	
334	4	-1	2	1	-1	-1	-1	-1	-1	-1	
334	4	-1	2	1	-1	-1	-1	-1	-1	-1	
334	4	-1	2	1	-1	-1	-1	-1	-1	-1	
334	4	-1	2	1	-1	-1	-1	-1	-1	-1	
334	4	0	1	1	-1	-1	-1	-1	-1	-1	
334	4	-1	2	0	-1	-1	-1	-1	-1	-1	
334	4	0	1	1	-1	-1	-1	-1	-1	-1	
334	4	-1	2	1	-1	-1	-1	-1	-1	-1	
335	4	0	1	0	-1	-1	-1	-1	-1	-1	
334	4	0	1	0	-1	-1	-1	-1	-1	-1	
334	4	-1	2	-1	-1	-1	-1	-1	-1	-1	
334	4	-1	2	1	-1	-1	-1	-1	-1	-1	
334	4	-1	2	1	-1	-1	-1	-1	-1	-1	
333	4	-1	2	2	-1	-1	-1	-1	-1	-1	
333	4	-1	2	0	-1	-1	-1	-1	-1	-1	
333	4	1	0	-1	-1	-1	-1	-1	-1	-1	
-1	-1	-1	-1	-1	-1	-1	-1	-1	-1	-1	
-1	-1	-1	-1	-1	-1	-1	-1	-1	-1	-1	
-1	-1	-1	-1	-1	-1	-1	-1	-1	-1	-1	
-1	-1	-1	-1	-1	-1	-1	-1	-1	-1	-1	
-1	-1	-1	-1	-1	-1	-1	-1	-1	-1	-1	
-1	-1	-1	-1	-1	-1	-1	-1	-1	-1	-1	
-1	-1	-1	-1	-1	-1	-1	-1	-1	-1	-1	
-1	-1	-1	-1	-1	-1	-1	-1	-1	-1	-1	
-1	-1	-1	-1	-1	-1	-1	-1	-1	-1	-1	
-1	-1	-1	-1	-1	-1	-1	-1	-1	-1	-1	
-1	-1	-1	-1	-1	-1	-1	-1	-1	-1	-1	
-1	-1	-1	-1	-1	-1	-1	-1	-1	-1	-1	
-1	-1	-1	-1	-1	-1	-1	-1	-1	-1	-1	
-1	-1	-1	-1	-1	-1	-1	-1	-1	-1	-1	
-1	-1	-1	-1	-1	-1	-1	-1	-1	-1	-1	
-1	-1	-1	-1	-1	-1	-1	-1	-1	-1	-1	
-1	-1	-1	-1	-1	-1	-1	-1	-1	-1	-1	
-1	-1	-1	-1	-1	-1	-1	-1	-1	-1	-1	
-1	-1	-1	-1	-1	-1	-1	-1	-1	-1	-1	
-1	-1	-1	-1	-1	-1	-1	-1	-1	-1	-1	
-1	-1	-1	-1	-1	-1	-1	-1	-1	-1	-1	
-1	-1	-1	-1	-1	-1	-1	-1	-1	-1	-1	
-1	-1	-1	-1	-1	-1	-1	-1	-1	-1	-1	
-1	-1	-1	-1	-1	-1	-1	-1	-1	-1	-1	
-1	-1	-1	-1	-1	-1	-1	-1	-1	-1	-1	
-1	-1	-1	-1	-1	-1	-1	-1	-1	-1	-1	
-1	-1	-1	-1	-1	-1	-1	-1	-1	-1	-1	
-1	-1	-1	-1	-1	-1	-1	-1	-1	-1	-1	
-1	-1	-1	-1	-1	-1	-1	-1	-1	-1	-1	
-1	-1	-1	-1	-1	-1	-1	-1	-1	-1	-1	
-1	-1	-1	-1	-1	-1	-1	-1	-1	-1	-1	
-1	-1	-1	-1	-1	-1	-1	-1	-1	-1	-1	
-1	-1	-1	-1	-1	-1	-1	-1	-1	-1	-1	
-1	-1	-1	-1	-1	-1	-1	-1	-1	-1	-1	
-1	-1	-1	-1	-1	-1	-1	-1	-1	-1	-1	
-1	-1	-1	-1	-1	-1	-1	-1	-1	-1	-1	
-1	-1	-1	-1	-1	-1	-1	-1	-1	-1	-1	
-1	-1	-1	-1	-1	-1	-1	-1	-1	-1	-1	
-1	-1	-1	-1	-1	-1	-1	-1	-1	-1	-1	
-1	-1	-1	-1	-1	-1	-1	-1	-1	-1	-1	
-1	-1	-1	-1	-1	-1	-1	-1	-1	-1	-1	
-1	-1	-1	-1	-1	-1	-1	-1	-1	-1	-1	
-1	-1	-1	-1	-1	-1	-1	-1	-1	-1	-1	
-1	-1	-1	-1	-1	-1	-1	-1	-1	-1	-1	
-1	-1	-1	-1	-1	-1	-1	-1	-1	-1	-1	
-1	-1	-1	-1	-1	-1	-1	-1	-1	-1	-1	
-1	-1	-1	-1	-1	-1	-1	-1	-1	-1	-1	
-1	-1	-1	-1	-1	-1	-1	-1	-1	-1	-1	
-1	-1	-1	-1	-1	-1	-1	-1	-1	-1	-1	
-1	-1	-1	-1	-1	-1	-1	-1	-1	-1	-1	
-1	-1	-1	-1	-1	-1	-1	-1	-1	-1	-1	
-1	-1	-1	-1	-1	-1	-1	-1	-1	-1	-1	
-1	-1	-1	-1	-1	-1	-1	-1	-1	-1	-1	
-1	-1	-1	-1	-1	-1	-1	-1	-1	-1	-1	
-1	-1	-1	-1	-1	-1	-1	-1	-1	-1	-1	
-1	-1	-1	-1	-1	-1	-1	-1	-1	-1	-1	
-1	-1	-1	-1	-1	-1	-1	-1	-1	-1	-1	
-------------------------Number of TCAM Overflow occurence-----------------
-1
-1
-1
-1
-1
0
0
0
0
0
-1
0
0
1
0
0
1
1
1
1
0
1
0
1
0
-1
0
-1
0
0
0
1
1
1
2
2
1
1
1
1
1
1
0
1
1
0
0
-1
1
1
2
0
-1
-1
-1
-1
-1
-1
-1
-1
-1
-1
-1
-1
-1
-1
-1
-1
-1
-1
-1
-1
-1
-1
-1
-1
-1
-1
-1
-1
-1
-1
-1
-1
-1
-1
-1
-1
-1
-1
-1
-1
-1
-1
-1
-1
-1
-1
-1
-1
-1
-1
-1
-1
-1
-1
-1
-1
-1
-1
-------------------------Distribution of TCAM Usage------------------------
292	-1	-1	-1	-1	-1	-1	-1	-1	-1	-1	
317	0	-1	-1	-1	-1	-1	-1	-1	-1	-1	
332	1	-1	-1	-1	-1	-1	-1	-1	-1	-1	
333	3	-1	-1	-1	-1	-1	-1	-1	-1	-1	
333	2	0	-1	-1	-1	-1	-1	-1	-1	-1	
335	2	0	-1	-1	-1	-1	-1	-1	-1	-1	
336	1	1	-1	-1	-1	-1	-1	-1	-1	-1	
337	1	0	0	-1	-1	-1	-1	-1	-1	-1	
337	1	-1	1	0	-1	-1	-1	-1	-1	-1	
337	1	-1	1	0	-1	-1	-1	-1	-1	-1	
337	0	0	1	0	-1	-1	-1	-1	-1	-1	
337	0	0	1	0	-1	-1	-1	-1	-1	-1	
336	1	0	1	0	-1	-1	-1	-1	-1	-1	
334	3	0	1	0	-1	-1	-1	-1	-1	-1	
333	4	0	1	1	-1	-1	-1	-1	-1	-1	
332	3	1	1	1	-1	-1	-1	-1	-1	-1	
332	3	1	1	0	-1	-1	-1	-1	-1	-1	
334	2	1	1	1	-1	-1	-1	-1	-1	-1	
334	2	1	1	0	-1	-1	-1	-1	-1	-1	
334	2	1	1	0	-1	-1	-1	-1	-1	-1	
333	3	1	1	0	-1	-1	-1	-1	-1	-1	
334	3	0	1	0	-1	-1	-1	-1	-1	-1	
334	3	-1	2	0	-1	-1	-1	-1	-1	-1	
334	3	-1	2	0	-1	-1	-1	-1	-1	-1	
334	3	-1	2	1	-1	-1	-1	-1	-1	-1	
334	3	-1	2	1	-1	-1	-1	-1	-1	-1	
334	3	-1	2	1	-1	-1	-1	-1	-1	-1	
334	3	-1	2	0	-1	-1	-1	-1	-1	-1	
334	3	0	1	1	-1	-1	-1	-1	-1	-1	
335	3	0	1	0	-1	-1	-1	-1	-1	-1	
332	4	-1	2	1	-1	-1	-1	-1	-1	-1	
333	3	0	2	1	-1	-1	-1	-1	-1	-1	
334	3	1	1	0	-1	-1	-1	-1	-1	-1	
334	3	1	1	0	-1	-1	-1	-1	-1	-1	
334	3	0	2	0	-1	-1	-1	-1	-1	-1	
334	3	1	1	1	-1	-1	-1	-1	-1	-1	
336	2	1	1	0	-1	-1	-1	-1	-1	-1	
335	3	0	2	-1	-1	-1	-1	-1	-1	-1	
336	3	0	2	2	-1	-1	-1	-1	-1	-1	
336	3	0	2	1	-1	-1	-1	-1	-1	-1	
336	3	0	2	0	-1	-1	-1	-1	-1	-1	
337	2	0	2	1	-1	-1	-1	-1	-1	-1	
337	2	0	2	0	-1	-1	-1	-1	-1	-1	
337	2	1	1	1	-1	-1	-1	-1	-1	-1	
337	2	0	2	1	-1	-1	-1	-1	-1	-1	
337	2	0	2	2	-1	-1	-1	-1	-1	-1	
335	2	0	2	0	-1	-1	-1	-1	-1	-1	
335	2	0	2	0	-1	-1	-1	-1	-1	-1	
335	2	0	2	1	-1	-1	-1	-1	-1	-1	
335	2	0	2	0	-1	-1	-1	-1	-1	-1	
336	2	0	2	2	-1	-1	-1	-1	-1	-1	
334	3	0	2	2	-1	-1	-1	-1	-1	-1	
335	1	1	1	-1	-1	-1	-1	-1	-1	-1	
-1	-1	-1	-1	-1	-1	-1	-1	-1	-1	-1	
-1	-1	-1	-1	-1	-1	-1	-1	-1	-1	-1	
-1	-1	-1	-1	-1	-1	-1	-1	-1	-1	-1	
-1	-1	-1	-1	-1	-1	-1	-1	-1	-1	-1	
-1	-1	-1	-1	-1	-1	-1	-1	-1	-1	-1	
-1	-1	-1	-1	-1	-1	-1	-1	-1	-1	-1	
-1	-1	-1	-1	-1	-1	-1	-1	-1	-1	-1	
-1	-1	-1	-1	-1	-1	-1	-1	-1	-1	-1	
-1	-1	-1	-1	-1	-1	-1	-1	-1	-1	-1	
-1	-1	-1	-1	-1	-1	-1	-1	-1	-1	-1	
-1	-1	-1	-1	-1	-1	-1	-1	-1	-1	-1	
-1	-1	-1	-1	-1	-1	-1	-1	-1	-1	-1	
-1	-1	-1	-1	-1	-1	-1	-1	-1	-1	-1	
-1	-1	-1	-1	-1	-1	-1	-1	-1	-1	-1	
-1	-1	-1	-1	-1	-1	-1	-1	-1	-1	-1	
-1	-1	-1	-1	-1	-1	-1	-1	-1	-1	-1	
-1	-1	-1	-1	-1	-1	-1	-1	-1	-1	-1	
-1	-1	-1	-1	-1	-1	-1	-1	-1	-1	-1	
-1	-1	-1	-1	-1	-1	-1	-1	-1	-1	-1	
-1	-1	-1	-1	-1	-1	-1	-1	-1	-1	-1	
-1	-1	-1	-1	-1	-1	-1	-1	-1	-1	-1	
-1	-1	-1	-1	-1	-1	-1	-1	-1	-1	-1	
-1	-1	-1	-1	-1	-1	-1	-1	-1	-1	-1	
-1	-1	-1	-1	-1	-1	-1	-1	-1	-1	-1	
-1	-1	-1	-1	-1	-1	-1	-1	-1	-1	-1	
-1	-1	-1	-1	-1	-1	-1	-1	-1	-1	-1	
-1	-1	-1	-1	-1	-1	-1	-1	-1	-1	-1	
-1	-1	-1	-1	-1	-1	-1	-1	-1	-1	-1	
-1	-1	-1	-1	-1	-1	-1	-1	-1	-1	-1	
-1	-1	-1	-1	-1	-1	-1	-1	-1	-1	-1	
-1	-1	-1	-1	-1	-1	-1	-1	-1	-1	-1	
-1	-1	-1	-1	-1	-1	-1	-1	-1	-1	-1	
-1	-1	-1	-1	-1	-1	-1	-1	-1	-1	-1	
-1	-1	-1	-1	-1	-1	-1	-1	-1	-1	-1	
-1	-1	-1	-1	-1	-1	-1	-1	-1	-1	-1	
-1	-1	-1	-1	-1	-1	-1	-1	-1	-1	-1	
-1	-1	-1	-1	-1	-1	-1	-1	-1	-1	-1	
-1	-1	-1	-1	-1	-1	-1	-1	-1	-1	-1	
-1	-1	-1	-1	-1	-1	-1	-1	-1	-1	-1	
-1	-1	-1	-1	-1	-1	-1	-1	-1	-1	-1	
-1	-1	-1	-1	-1	-1	-1	-1	-1	-1	-1	
-1	-1	-1	-1	-1	-1	-1	-1	-1	-1	-1	
-1	-1	-1	-1	-1	-1	-1	-1	-1	-1	-1	
-1	-1	-1	-1	-1	-1	-1	-1	-1	-1	-1	
-1	-1	-1	-1	-1	-1	-1	-1	-1	-1	-1	
-1	-1	-1	-1	-1	-1	-1	-1	-1	-1	-1	
-1	-1	-1	-1	-1	-1	-1	-1	-1	-1	-1	
-1	-1	-1	-1	-1	-1	-1	-1	-1	-1	-1	
-1	-1	-1	-1	-1	-1	-1	-1	-1	-1	-1	
-1	-1	-1	-1	-1	-1	-1	-1	-1	-1	-1	
-1	-1	-1	-1	-1	-1	-1	-1	-1	-1	-1	
-1	-1	-1	-1	-1	-1	-1	-1	-1	-1	-1	
-1	-1	-1	-1	-1	-1	-1	-1	-1	-1	-1	
-1	-1	-1	-1	-1	-1	-1	-1	-1	-1	-1	
-1	-1	-1	-1	-1	-1	-1	-1	-1	-1	-1	
-1	-1	-1	-1	-1	-1	-1	-1	-1	-1	-1	
-1	-1	-1	-1	-1	-1	-1	-1	-1	-1	-1	
-------------------------Number of TCAM Overflow occurence-----------------
-1
-1
-1
-1
-1
-1
-1
-1
0
0
0
0
0
0
1
1
0
1
0
0
0
0
0
0
1
1
1
0
1
0
1
1
0
0
0
1
0
-1
2
1
0
1
0
1
1
2
0
0
1
0
2
2
-1
-1
-1
-1
-1
-1
-1
-1
-1
-1
-1
-1
-1
-1
-1
-1
-1
-1
-1
-1
-1
-1
-1
-1
-1
-1
-1
-1
-1
-1
-1
-1
-1
-1
-1
-1
-1
-1
-1
-1
-1
-1
-1
-1
-1
-1
-1
-1
-1
-1
-1
-1
-1
-1
-1
-1
-1
-1
