-------------------------Distribution of TCAM Usage------------------------
336	1	0	0	-1	-1	-1	-1	-1	-1	-1	
334	2	-1	3	3	-1	-1	-1	-1	-1	-1	
330	4	2	3	3	-1	-1	-1	-1	-1	-1	
328	8	-1	7	6	-1	-1	-1	-1	-1	-1	
322	14	-1	7	7	-1	-1	-1	-1	-1	-1	
314	19	2	7	7	-1	-1	-1	-1	-1	-1	
312	18	4	8	7	-1	-1	-1	-1	-1	-1	
308	19	5	10	8	-1	-1	-1	-1	-1	-1	
299	27	4	12	10	-1	-1	-1	-1	-1	-1	
294	29	6	13	12	-1	-1	-1	-1	-1	-1	
282	41	5	14	12	-1	-1	-1	-1	-1	-1	
272	47	6	17	14	-1	-1	-1	-1	-1	-1	
261	56	7	19	15	-1	-1	-1	-1	-1	-1	
252	63	9	19	16	-1	-1	-1	-1	-1	-1	
241	72	10	20	18	-1	-1	-1	-1	-1	-1	
234	79	10	20	18	-1	-1	-1	-1	-1	-1	
227	87	9	20	17	-1	-1	-1	-1	-1	-1	
219	93	10	20	18	-1	-1	-1	-1	-1	-1	
210	103	8	21	17	-1	-1	-1	-1	-1	-1	
211	101	9	21	19	-1	-1	-1	-1	-1	-1	
210	102	9	21	16	-1	-1	-1	-1	-1	-1	
208	106	7	21	13	-1	-1	-1	-1	-1	-1	
206	106	7	22	14	-1	-1	-1	-1	-1	-1	
210	103	6	22	16	-1	-1	-1	-1	-1	-1	
205	107	7	22	14	-1	-1	-1	-1	-1	-1	
209	101	9	22	15	-1	-1	-1	-1	-1	-1	
208	103	10	20	16	-1	-1	-1	-1	-1	-1	
206	105	8	22	17	-1	-1	-1	-1	-1	-1	
204	109	7	21	17	-1	-1	-1	-1	-1	-1	
211	101	8	21	17	-1	-1	-1	-1	-1	-1	
207	106	7	21	15	-1	-1	-1	-1	-1	-1	
209	104	9	19	15	-1	-1	-1	-1	-1	-1	
212	101	10	18	16	-1	-1	-1	-1	-1	-1	
210	102	10	19	15	-1	-1	-1	-1	-1	-1	
209	102	11	19	12	-1	-1	-1	-1	-1	-1	
209	102	9	21	13	-1	-1	-1	-1	-1	-1	
215	96	8	22	15	-1	-1	-1	-1	-1	-1	
213	98	7	23	14	-1	-1	-1	-1	-1	-1	
211	100	8	22	14	-1	-1	-1	-1	-1	-1	
216	95	8	22	15	-1	-1	-1	-1	-1	-1	
217	94	8	22	14	-1	-1	-1	-1	-1	-1	
213	97	9	22	15	-1	-1	-1	-1	-1	-1	
214	96	9	22	13	-1	-1	-1	-1	-1	-1	
217	92	8	24	12	-1	-1	-1	-1	-1	-1	
212	97	9	23	17	-1	-1	-1	-1	-1	-1	
212	99	9	22	15	-1	-1	-1	-1	-1	-1	
216	94	9	23	15	-1	-1	-1	-1	-1	-1	
212	98	9	23	18	-1	-1	-1	-1	-1	-1	
214	95	10	22	16	-1	-1	-1	-1	-1	-1	
219	90	9	23	15	-1	-1	-1	-1	-1	-1	
216	92	11	22	15	-1	-1	-1	-1	-1	-1	
220	90	10	21	15	-1	-1	-1	-1	-1	-1	
245	67	12	17	2	-1	-1	-1	-1	-1	-1	
-1	-1	-1	-1	-1	-1	-1	-1	-1	-1	-1	
-1	-1	-1	-1	-1	-1	-1	-1	-1	-1	-1	
-1	-1	-1	-1	-1	-1	-1	-1	-1	-1	-1	
-1	-1	-1	-1	-1	-1	-1	-1	-1	-1	-1	
-1	-1	-1	-1	-1	-1	-1	-1	-1	-1	-1	
-1	-1	-1	-1	-1	-1	-1	-1	-1	-1	-1	
-1	-1	-1	-1	-1	-1	-1	-1	-1	-1	-1	
-1	-1	-1	-1	-1	-1	-1	-1	-1	-1	-1	
-1	-1	-1	-1	-1	-1	-1	-1	-1	-1	-1	
-1	-1	-1	-1	-1	-1	-1	-1	-1	-1	-1	
-1	-1	-1	-1	-1	-1	-1	-1	-1	-1	-1	
-1	-1	-1	-1	-1	-1	-1	-1	-1	-1	-1	
-1	-1	-1	-1	-1	-1	-1	-1	-1	-1	-1	
-1	-1	-1	-1	-1	-1	-1	-1	-1	-1	-1	
-1	-1	-1	-1	-1	-1	-1	-1	-1	-1	-1	
-1	-1	-1	-1	-1	-1	-1	-1	-1	-1	-1	
-1	-1	-1	-1	-1	-1	-1	-1	-1	-1	-1	
-1	-1	-1	-1	-1	-1	-1	-1	-1	-1	-1	
-1	-1	-1	-1	-1	-1	-1	-1	-1	-1	-1	
-1	-1	-1	-1	-1	-1	-1	-1	-1	-1	-1	
-1	-1	-1	-1	-1	-1	-1	-1	-1	-1	-1	
-1	-1	-1	-1	-1	-1	-1	-1	-1	-1	-1	
-1	-1	-1	-1	-1	-1	-1	-1	-1	-1	-1	
-1	-1	-1	-1	-1	-1	-1	-1	-1	-1	-1	
-1	-1	-1	-1	-1	-1	-1	-1	-1	-1	-1	
-1	-1	-1	-1	-1	-1	-1	-1	-1	-1	-1	
-1	-1	-1	-1	-1	-1	-1	-1	-1	-1	-1	
-1	-1	-1	-1	-1	-1	-1	-1	-1	-1	-1	
-1	-1	-1	-1	-1	-1	-1	-1	-1	-1	-1	
-1	-1	-1	-1	-1	-1	-1	-1	-1	-1	-1	
-1	-1	-1	-1	-1	-1	-1	-1	-1	-1	-1	
-1	-1	-1	-1	-1	-1	-1	-1	-1	-1	-1	
-1	-1	-1	-1	-1	-1	-1	-1	-1	-1	-1	
-1	-1	-1	-1	-1	-1	-1	-1	-1	-1	-1	
-1	-1	-1	-1	-1	-1	-1	-1	-1	-1	-1	
-1	-1	-1	-1	-1	-1	-1	-1	-1	-1	-1	
-1	-1	-1	-1	-1	-1	-1	-1	-1	-1	-1	
-1	-1	-1	-1	-1	-1	-1	-1	-1	-1	-1	
-1	-1	-1	-1	-1	-1	-1	-1	-1	-1	-1	
-1	-1	-1	-1	-1	-1	-1	-1	-1	-1	-1	
-1	-1	-1	-1	-1	-1	-1	-1	-1	-1	-1	
-1	-1	-1	-1	-1	-1	-1	-1	-1	-1	-1	
-1	-1	-1	-1	-1	-1	-1	-1	-1	-1	-1	
-1	-1	-1	-1	-1	-1	-1	-1	-1	-1	-1	
-1	-1	-1	-1	-1	-1	-1	-1	-1	-1	-1	
-1	-1	-1	-1	-1	-1	-1	-1	-1	-1	-1	
-1	-1	-1	-1	-1	-1	-1	-1	-1	-1	-1	
-1	-1	-1	-1	-1	-1	-1	-1	-1	-1	-1	
-1	-1	-1	-1	-1	-1	-1	-1	-1	-1	-1	
-1	-1	-1	-1	-1	-1	-1	-1	-1	-1	-1	
-1	-1	-1	-1	-1	-1	-1	-1	-1	-1	-1	
-1	-1	-1	-1	-1	-1	-1	-1	-1	-1	-1	
-1	-1	-1	-1	-1	-1	-1	-1	-1	-1	-1	
-1	-1	-1	-1	-1	-1	-1	-1	-1	-1	-1	
-1	-1	-1	-1	-1	-1	-1	-1	-1	-1	-1	
-1	-1	-1	-1	-1	-1	-1	-1	-1	-1	-1	
-1	-1	-1	-1	-1	-1	-1	-1	-1	-1	-1	
-------------------------Number of TCAM Overflow occurence-----------------
-1
3
3
6
7
7
7
8
10
12
12
14
15
16
18
18
17
18
17
19
16
13
14
16
14
15
16
17
17
17
15
15
16
15
12
13
15
14
14
15
14
15
13
12
17
15
15
18
16
15
15
15
2
-1
-1
-1
-1
-1
-1
-1
-1
-1
-1
-1
-1
-1
-1
-1
-1
-1
-1
-1
-1
-1
-1
-1
-1
-1
-1
-1
-1
-1
-1
-1
-1
-1
-1
-1
-1
-1
-1
-1
-1
-1
-1
-1
-1
-1
-1
-1
-1
-1
-1
-1
-1
-1
-1
-1
-1
-1
