-------------------------Distribution of TCAM Usage------------------------
336	2	-1	0	0	-1	-1	-1	-1	-1	-1	
335	2	0	2	1	-1	-1	-1	-1	-1	-1	
333	4	-1	3	2	-1	-1	-1	-1	-1	-1	
326	7	2	4	3	-1	-1	-1	-1	-1	-1	
324	9	2	5	4	-1	-1	-1	-1	-1	-1	
317	16	0	7	7	-1	-1	-1	-1	-1	-1	
315	16	2	7	7	-1	-1	-1	-1	-1	-1	
310	18	4	8	8	-1	-1	-1	-1	-1	-1	
308	20	3	9	8	-1	-1	-1	-1	-1	-1	
304	22	3	11	9	-1	-1	-1	-1	-1	-1	
301	21	7	11	10	-1	-1	-1	-1	-1	-1	
295	26	7	12	11	-1	-1	-1	-1	-1	-1	
289	31	8	12	11	-1	-1	-1	-1	-1	-1	
286	33	7	14	12	-1	-1	-1	-1	-1	-1	
283	35	9	13	13	-1	-1	-1	-1	-1	-1	
273	42	11	14	12	-1	-1	-1	-1	-1	-1	
271	44	12	13	12	-1	-1	-1	-1	-1	-1	
266	49	9	16	10	-1	-1	-1	-1	-1	-1	
262	52	9	17	13	-1	-1	-1	-1	-1	-1	
266	50	8	17	12	-1	-1	-1	-1	-1	-1	
264	53	7	17	12	-1	-1	-1	-1	-1	-1	
267	48	9	17	12	-1	-1	-1	-1	-1	-1	
266	50	7	18	11	-1	-1	-1	-1	-1	-1	
270	46	7	18	13	-1	-1	-1	-1	-1	-1	
268	48	8	17	13	-1	-1	-1	-1	-1	-1	
267	49	7	18	12	-1	-1	-1	-1	-1	-1	
265	52	7	17	12	-1	-1	-1	-1	-1	-1	
268	48	7	18	13	-1	-1	-1	-1	-1	-1	
268	49	6	18	10	-1	-1	-1	-1	-1	-1	
267	51	6	17	11	-1	-1	-1	-1	-1	-1	
267	50	7	17	12	-1	-1	-1	-1	-1	-1	
271	46	8	16	11	-1	-1	-1	-1	-1	-1	
269	50	6	16	10	-1	-1	-1	-1	-1	-1	
273	45	8	15	9	-1	-1	-1	-1	-1	-1	
267	50	8	15	10	-1	-1	-1	-1	-1	-1	
269	47	8	16	11	-1	-1	-1	-1	-1	-1	
268	47	9	16	11	-1	-1	-1	-1	-1	-1	
264	51	9	16	9	-1	-1	-1	-1	-1	-1	
268	48	8	16	11	-1	-1	-1	-1	-1	-1	
267	49	8	16	12	-1	-1	-1	-1	-1	-1	
267	50	7	16	10	-1	-1	-1	-1	-1	-1	
267	50	8	15	12	-1	-1	-1	-1	-1	-1	
268	49	7	16	12	-1	-1	-1	-1	-1	-1	
264	54	6	16	13	-1	-1	-1	-1	-1	-1	
268	50	6	16	11	-1	-1	-1	-1	-1	-1	
265	53	6	16	13	-1	-1	-1	-1	-1	-1	
263	54	9	14	13	-1	-1	-1	-1	-1	-1	
263	55	7	15	14	-1	-1	-1	-1	-1	-1	
264	53	9	15	11	-1	-1	-1	-1	-1	-1	
260	56	11	14	13	-1	-1	-1	-1	-1	-1	
261	56	8	16	10	-1	-1	-1	-1	-1	-1	
267	51	6	17	12	-1	-1	-1	-1	-1	-1	
280	39	12	10	0	-1	-1	-1	-1	-1	-1	
-1	-1	-1	-1	-1	-1	-1	-1	-1	-1	-1	
-1	-1	-1	-1	-1	-1	-1	-1	-1	-1	-1	
-1	-1	-1	-1	-1	-1	-1	-1	-1	-1	-1	
-1	-1	-1	-1	-1	-1	-1	-1	-1	-1	-1	
-1	-1	-1	-1	-1	-1	-1	-1	-1	-1	-1	
-1	-1	-1	-1	-1	-1	-1	-1	-1	-1	-1	
-1	-1	-1	-1	-1	-1	-1	-1	-1	-1	-1	
-1	-1	-1	-1	-1	-1	-1	-1	-1	-1	-1	
-1	-1	-1	-1	-1	-1	-1	-1	-1	-1	-1	
-1	-1	-1	-1	-1	-1	-1	-1	-1	-1	-1	
-1	-1	-1	-1	-1	-1	-1	-1	-1	-1	-1	
-1	-1	-1	-1	-1	-1	-1	-1	-1	-1	-1	
-1	-1	-1	-1	-1	-1	-1	-1	-1	-1	-1	
-1	-1	-1	-1	-1	-1	-1	-1	-1	-1	-1	
-1	-1	-1	-1	-1	-1	-1	-1	-1	-1	-1	
-1	-1	-1	-1	-1	-1	-1	-1	-1	-1	-1	
-1	-1	-1	-1	-1	-1	-1	-1	-1	-1	-1	
-1	-1	-1	-1	-1	-1	-1	-1	-1	-1	-1	
-1	-1	-1	-1	-1	-1	-1	-1	-1	-1	-1	
-1	-1	-1	-1	-1	-1	-1	-1	-1	-1	-1	
-1	-1	-1	-1	-1	-1	-1	-1	-1	-1	-1	
-1	-1	-1	-1	-1	-1	-1	-1	-1	-1	-1	
-1	-1	-1	-1	-1	-1	-1	-1	-1	-1	-1	
-1	-1	-1	-1	-1	-1	-1	-1	-1	-1	-1	
-1	-1	-1	-1	-1	-1	-1	-1	-1	-1	-1	
-1	-1	-1	-1	-1	-1	-1	-1	-1	-1	-1	
-1	-1	-1	-1	-1	-1	-1	-1	-1	-1	-1	
-1	-1	-1	-1	-1	-1	-1	-1	-1	-1	-1	
-1	-1	-1	-1	-1	-1	-1	-1	-1	-1	-1	
-1	-1	-1	-1	-1	-1	-1	-1	-1	-1	-1	
-1	-1	-1	-1	-1	-1	-1	-1	-1	-1	-1	
-1	-1	-1	-1	-1	-1	-1	-1	-1	-1	-1	
-1	-1	-1	-1	-1	-1	-1	-1	-1	-1	-1	
-1	-1	-1	-1	-1	-1	-1	-1	-1	-1	-1	
-1	-1	-1	-1	-1	-1	-1	-1	-1	-1	-1	
-1	-1	-1	-1	-1	-1	-1	-1	-1	-1	-1	
-1	-1	-1	-1	-1	-1	-1	-1	-1	-1	-1	
-1	-1	-1	-1	-1	-1	-1	-1	-1	-1	-1	
-1	-1	-1	-1	-1	-1	-1	-1	-1	-1	-1	
-1	-1	-1	-1	-1	-1	-1	-1	-1	-1	-1	
-1	-1	-1	-1	-1	-1	-1	-1	-1	-1	-1	
-1	-1	-1	-1	-1	-1	-1	-1	-1	-1	-1	
-1	-1	-1	-1	-1	-1	-1	-1	-1	-1	-1	
-1	-1	-1	-1	-1	-1	-1	-1	-1	-1	-1	
-1	-1	-1	-1	-1	-1	-1	-1	-1	-1	-1	
-1	-1	-1	-1	-1	-1	-1	-1	-1	-1	-1	
-1	-1	-1	-1	-1	-1	-1	-1	-1	-1	-1	
-1	-1	-1	-1	-1	-1	-1	-1	-1	-1	-1	
-1	-1	-1	-1	-1	-1	-1	-1	-1	-1	-1	
-1	-1	-1	-1	-1	-1	-1	-1	-1	-1	-1	
-1	-1	-1	-1	-1	-1	-1	-1	-1	-1	-1	
-1	-1	-1	-1	-1	-1	-1	-1	-1	-1	-1	
-1	-1	-1	-1	-1	-1	-1	-1	-1	-1	-1	
-1	-1	-1	-1	-1	-1	-1	-1	-1	-1	-1	
-1	-1	-1	-1	-1	-1	-1	-1	-1	-1	-1	
-1	-1	-1	-1	-1	-1	-1	-1	-1	-1	-1	
-1	-1	-1	-1	-1	-1	-1	-1	-1	-1	-1	
-------------------------Number of TCAM Overflow occurence-----------------
0
1
2
3
4
7
7
8
8
9
10
11
11
12
13
12
12
10
13
12
12
12
11
13
13
12
12
13
10
11
12
11
10
9
10
11
11
9
11
12
10
12
12
13
11
13
13
14
11
13
10
12
0
-1
-1
-1
-1
-1
-1
-1
-1
-1
-1
-1
-1
-1
-1
-1
-1
-1
-1
-1
-1
-1
-1
-1
-1
-1
-1
-1
-1
-1
-1
-1
-1
-1
-1
-1
-1
-1
-1
-1
-1
-1
-1
-1
-1
-1
-1
-1
-1
-1
-1
-1
-1
-1
-1
-1
-1
-1
-------------------------Distribution of TCAM Usage------------------------
334	2	-1	0	0	-1	-1	-1	-1	-1	-1	
332	3	1	1	1	-1	-1	-1	-1	-1	-1	
331	3	0	3	3	-1	-1	-1	-1	-1	-1	
327	4	2	4	3	-1	-1	-1	-1	-1	-1	
323	9	1	5	5	-1	-1	-1	-1	-1	-1	
319	13	-1	7	7	-1	-1	-1	-1	-1	-1	
313	16	2	7	7	-1	-1	-1	-1	-1	-1	
314	15	5	7	7	-1	-1	-1	-1	-1	-1	
311	17	4	9	7	-1	-1	-1	-1	-1	-1	
309	18	4	10	9	-1	-1	-1	-1	-1	-1	
303	24	4	10	10	-1	-1	-1	-1	-1	-1	
297	26	6	12	10	-1	-1	-1	-1	-1	-1	
293	29	6	13	10	-1	-1	-1	-1	-1	-1	
289	32	6	14	13	-1	-1	-1	-1	-1	-1	
284	35	8	14	13	-1	-1	-1	-1	-1	-1	
279	40	7	15	11	-1	-1	-1	-1	-1	-1	
269	50	7	15	13	-1	-1	-1	-1	-1	-1	
267	50	7	17	13	-1	-1	-1	-1	-1	-1	
264	53	8	16	14	-1	-1	-1	-1	-1	-1	
268	48	9	16	11	-1	-1	-1	-1	-1	-1	
266	50	8	16	10	-1	-1	-1	-1	-1	-1	
266	50	7	17	12	-1	-1	-1	-1	-1	-1	
268	50	6	17	8	-1	-1	-1	-1	-1	-1	
267	51	7	16	11	-1	-1	-1	-1	-1	-1	
267	51	6	17	11	-1	-1	-1	-1	-1	-1	
266	52	6	17	10	-1	-1	-1	-1	-1	-1	
268	50	6	17	13	-1	-1	-1	-1	-1	-1	
267	50	6	18	11	-1	-1	-1	-1	-1	-1	
267	50	8	16	11	-1	-1	-1	-1	-1	-1	
269	48	9	16	12	-1	-1	-1	-1	-1	-1	
266	50	10	15	12	-1	-1	-1	-1	-1	-1	
267	49	11	14	11	-1	-1	-1	-1	-1	-1	
264	52	11	14	10	-1	-1	-1	-1	-1	-1	
264	53	8	16	11	-1	-1	-1	-1	-1	-1	
265	52	9	15	13	-1	-1	-1	-1	-1	-1	
264	53	9	15	11	-1	-1	-1	-1	-1	-1	
265	51	10	15	13	-1	-1	-1	-1	-1	-1	
267	48	12	14	11	-1	-1	-1	-1	-1	-1	
266	49	11	15	12	-1	-1	-1	-1	-1	-1	
264	52	10	15	11	-1	-1	-1	-1	-1	-1	
266	49	11	15	12	-1	-1	-1	-1	-1	-1	
264	51	11	15	13	-1	-1	-1	-1	-1	-1	
265	52	9	15	13	-1	-1	-1	-1	-1	-1	
268	49	9	15	11	-1	-1	-1	-1	-1	-1	
267	50	9	15	11	-1	-1	-1	-1	-1	-1	
269	48	8	16	13	-1	-1	-1	-1	-1	-1	
272	47	6	17	10	-1	-1	-1	-1	-1	-1	
274	44	7	17	12	-1	-1	-1	-1	-1	-1	
274	43	9	16	10	-1	-1	-1	-1	-1	-1	
269	50	6	17	11	-1	-1	-1	-1	-1	-1	
270	48	8	16	12	-1	-1	-1	-1	-1	-1	
272	48	6	16	12	-1	-1	-1	-1	-1	-1	
285	37	8	12	1	-1	-1	-1	-1	-1	-1	
-1	-1	-1	-1	-1	-1	-1	-1	-1	-1	-1	
-1	-1	-1	-1	-1	-1	-1	-1	-1	-1	-1	
-1	-1	-1	-1	-1	-1	-1	-1	-1	-1	-1	
-1	-1	-1	-1	-1	-1	-1	-1	-1	-1	-1	
-1	-1	-1	-1	-1	-1	-1	-1	-1	-1	-1	
-1	-1	-1	-1	-1	-1	-1	-1	-1	-1	-1	
-1	-1	-1	-1	-1	-1	-1	-1	-1	-1	-1	
-1	-1	-1	-1	-1	-1	-1	-1	-1	-1	-1	
-1	-1	-1	-1	-1	-1	-1	-1	-1	-1	-1	
-1	-1	-1	-1	-1	-1	-1	-1	-1	-1	-1	
-1	-1	-1	-1	-1	-1	-1	-1	-1	-1	-1	
-1	-1	-1	-1	-1	-1	-1	-1	-1	-1	-1	
-1	-1	-1	-1	-1	-1	-1	-1	-1	-1	-1	
-1	-1	-1	-1	-1	-1	-1	-1	-1	-1	-1	
-1	-1	-1	-1	-1	-1	-1	-1	-1	-1	-1	
-1	-1	-1	-1	-1	-1	-1	-1	-1	-1	-1	
-1	-1	-1	-1	-1	-1	-1	-1	-1	-1	-1	
-1	-1	-1	-1	-1	-1	-1	-1	-1	-1	-1	
-1	-1	-1	-1	-1	-1	-1	-1	-1	-1	-1	
-1	-1	-1	-1	-1	-1	-1	-1	-1	-1	-1	
-1	-1	-1	-1	-1	-1	-1	-1	-1	-1	-1	
-1	-1	-1	-1	-1	-1	-1	-1	-1	-1	-1	
-1	-1	-1	-1	-1	-1	-1	-1	-1	-1	-1	
-1	-1	-1	-1	-1	-1	-1	-1	-1	-1	-1	
-1	-1	-1	-1	-1	-1	-1	-1	-1	-1	-1	
-1	-1	-1	-1	-1	-1	-1	-1	-1	-1	-1	
-1	-1	-1	-1	-1	-1	-1	-1	-1	-1	-1	
-1	-1	-1	-1	-1	-1	-1	-1	-1	-1	-1	
-1	-1	-1	-1	-1	-1	-1	-1	-1	-1	-1	
-1	-1	-1	-1	-1	-1	-1	-1	-1	-1	-1	
-1	-1	-1	-1	-1	-1	-1	-1	-1	-1	-1	
-1	-1	-1	-1	-1	-1	-1	-1	-1	-1	-1	
-1	-1	-1	-1	-1	-1	-1	-1	-1	-1	-1	
-1	-1	-1	-1	-1	-1	-1	-1	-1	-1	-1	
-1	-1	-1	-1	-1	-1	-1	-1	-1	-1	-1	
-1	-1	-1	-1	-1	-1	-1	-1	-1	-1	-1	
-1	-1	-1	-1	-1	-1	-1	-1	-1	-1	-1	
-1	-1	-1	-1	-1	-1	-1	-1	-1	-1	-1	
-1	-1	-1	-1	-1	-1	-1	-1	-1	-1	-1	
-1	-1	-1	-1	-1	-1	-1	-1	-1	-1	-1	
-1	-1	-1	-1	-1	-1	-1	-1	-1	-1	-1	
-1	-1	-1	-1	-1	-1	-1	-1	-1	-1	-1	
-1	-1	-1	-1	-1	-1	-1	-1	-1	-1	-1	
-1	-1	-1	-1	-1	-1	-1	-1	-1	-1	-1	
-1	-1	-1	-1	-1	-1	-1	-1	-1	-1	-1	
-1	-1	-1	-1	-1	-1	-1	-1	-1	-1	-1	
-1	-1	-1	-1	-1	-1	-1	-1	-1	-1	-1	
-1	-1	-1	-1	-1	-1	-1	-1	-1	-1	-1	
-1	-1	-1	-1	-1	-1	-1	-1	-1	-1	-1	
-1	-1	-1	-1	-1	-1	-1	-1	-1	-1	-1	
-1	-1	-1	-1	-1	-1	-1	-1	-1	-1	-1	
-1	-1	-1	-1	-1	-1	-1	-1	-1	-1	-1	
-1	-1	-1	-1	-1	-1	-1	-1	-1	-1	-1	
-1	-1	-1	-1	-1	-1	-1	-1	-1	-1	-1	
-1	-1	-1	-1	-1	-1	-1	-1	-1	-1	-1	
-1	-1	-1	-1	-1	-1	-1	-1	-1	-1	-1	
-1	-1	-1	-1	-1	-1	-1	-1	-1	-1	-1	
-------------------------Number of TCAM Overflow occurence-----------------
0
1
3
3
5
7
7
7
7
9
10
10
10
13
13
11
13
13
14
11
10
12
8
11
11
10
13
11
11
12
12
11
10
11
13
11
13
11
12
11
12
13
13
11
11
13
10
12
10
11
12
12
1
-1
-1
-1
-1
-1
-1
-1
-1
-1
-1
-1
-1
-1
-1
-1
-1
-1
-1
-1
-1
-1
-1
-1
-1
-1
-1
-1
-1
-1
-1
-1
-1
-1
-1
-1
-1
-1
-1
-1
-1
-1
-1
-1
-1
-1
-1
-1
-1
-1
-1
-1
-1
-1
-1
-1
-1
-1
