-------------------------Distribution of TCAM Usage------------------------
253	0	0	0	0	0	0	0	0	0	0	
253	0	0	0	0	0	0	0	0	0	0	
253	0	0	0	0	0	0	0	0	0	0	
253	0	0	0	0	0	0	0	0	0	0	
253	0	0	0	0	0	0	0	0	0	0	
253	0	0	0	0	0	0	0	0	0	0	
252	1	0	0	0	0	0	0	0	0	0	
251	2	0	0	0	0	0	0	0	0	0	
246	7	0	0	0	0	0	0	0	0	0	
245	8	0	0	0	0	0	0	0	0	0	
237	16	0	0	0	0	0	0	0	0	0	
228	25	0	0	0	0	0	0	0	0	0	
226	27	0	0	0	0	0	0	0	0	0	
217	36	0	0	0	0	0	0	0	0	0	
214	39	0	0	0	0	0	0	0	0	0	
207	46	0	0	0	0	0	0	0	0	0	
203	50	0	0	0	0	0	0	0	0	0	
200	53	0	0	0	0	0	0	0	0	0	
200	53	0	0	0	0	0	0	0	0	0	
197	56	0	0	0	0	0	0	0	0	0	
200	53	0	0	0	0	0	0	0	0	0	
194	59	0	0	0	0	0	0	0	0	0	
197	56	0	0	0	0	0	0	0	0	0	
200	53	0	0	0	0	0	0	0	0	0	
201	52	0	0	0	0	0	0	0	0	0	
202	51	0	0	0	0	0	0	0	0	0	
203	50	0	0	0	0	0	0	0	0	0	
205	48	0	0	0	0	0	0	0	0	0	
203	50	0	0	0	0	0	0	0	0	0	
202	51	0	0	0	0	0	0	0	0	0	
203	50	0	0	0	0	0	0	0	0	0	
203	50	0	0	0	0	0	0	0	0	0	
202	51	0	0	0	0	0	0	0	0	0	
203	50	0	0	0	0	0	0	0	0	0	
205	48	0	0	0	0	0	0	0	0	0	
203	50	0	0	0	0	0	0	0	0	0	
204	49	0	0	0	0	0	0	0	0	0	
200	53	0	0	0	0	0	0	0	0	0	
203	50	0	0	0	0	0	0	0	0	0	
205	48	0	0	0	0	0	0	0	0	0	
208	45	0	0	0	0	0	0	0	0	0	
204	49	0	0	0	0	0	0	0	0	0	
204	49	0	0	0	0	0	0	0	0	0	
203	50	0	0	0	0	0	0	0	0	0	
203	50	0	0	0	0	0	0	0	0	0	
201	52	0	0	0	0	0	0	0	0	0	
204	49	0	0	0	0	0	0	0	0	0	
204	49	0	0	0	0	0	0	0	0	0	
202	51	0	0	0	0	0	0	0	0	0	
202	51	0	0	0	0	0	0	0	0	0	
199	54	0	0	0	0	0	0	0	0	0	
200	53	0	0	0	0	0	0	0	0	0	
218	35	0	0	0	0	0	0	0	0	0	
0	0	0	0	0	0	0	0	0	0	0	
0	0	0	0	0	0	0	0	0	0	0	
0	0	0	0	0	0	0	0	0	0	0	
0	0	0	0	0	0	0	0	0	0	0	
0	0	0	0	0	0	0	0	0	0	0	
0	0	0	0	0	0	0	0	0	0	0	
0	0	0	0	0	0	0	0	0	0	0	
0	0	0	0	0	0	0	0	0	0	0	
0	0	0	0	0	0	0	0	0	0	0	
0	0	0	0	0	0	0	0	0	0	0	
0	0	0	0	0	0	0	0	0	0	0	
0	0	0	0	0	0	0	0	0	0	0	
0	0	0	0	0	0	0	0	0	0	0	
0	0	0	0	0	0	0	0	0	0	0	
0	0	0	0	0	0	0	0	0	0	0	
0	0	0	0	0	0	0	0	0	0	0	
0	0	0	0	0	0	0	0	0	0	0	
0	0	0	0	0	0	0	0	0	0	0	
0	0	0	0	0	0	0	0	0	0	0	
0	0	0	0	0	0	0	0	0	0	0	
0	0	0	0	0	0	0	0	0	0	0	
0	0	0	0	0	0	0	0	0	0	0	
0	0	0	0	0	0	0	0	0	0	0	
0	0	0	0	0	0	0	0	0	0	0	
0	0	0	0	0	0	0	0	0	0	0	
0	0	0	0	0	0	0	0	0	0	0	
0	0	0	0	0	0	0	0	0	0	0	
0	0	0	0	0	0	0	0	0	0	0	
0	0	0	0	0	0	0	0	0	0	0	
0	0	0	0	0	0	0	0	0	0	0	
0	0	0	0	0	0	0	0	0	0	0	
0	0	0	0	0	0	0	0	0	0	0	
0	0	0	0	0	0	0	0	0	0	0	
0	0	0	0	0	0	0	0	0	0	0	
0	0	0	0	0	0	0	0	0	0	0	
0	0	0	0	0	0	0	0	0	0	0	
0	0	0	0	0	0	0	0	0	0	0	
0	0	0	0	0	0	0	0	0	0	0	
0	0	0	0	0	0	0	0	0	0	0	
0	0	0	0	0	0	0	0	0	0	0	
0	0	0	0	0	0	0	0	0	0	0	
0	0	0	0	0	0	0	0	0	0	0	
0	0	0	0	0	0	0	0	0	0	0	
0	0	0	0	0	0	0	0	0	0	0	
0	0	0	0	0	0	0	0	0	0	0	
0	0	0	0	0	0	0	0	0	0	0	
0	0	0	0	0	0	0	0	0	0	0	
0	0	0	0	0	0	0	0	0	0	0	
0	0	0	0	0	0	0	0	0	0	0	
0	0	0	0	0	0	0	0	0	0	0	
0	0	0	0	0	0	0	0	0	0	0	
0	0	0	0	0	0	0	0	0	0	0	
0	0	0	0	0	0	0	0	0	0	0	
0	0	0	0	0	0	0	0	0	0	0	
0	0	0	0	0	0	0	0	0	0	0	
0	0	0	0	0	0	0	0	0	0	0	
0	0	0	0	0	0	0	0	0	0	0	
-------------------------Number of TCAM Overflow occurence-----------------
0
0
0
0
0
0
0
0
0
0
0
0
0
0
0
0
0
0
0
0
0
0
0
0
0
0
0
0
0
0
0
0
0
0
0
0
0
0
0
0
0
0
0
0
0
0
0
0
0
0
0
0
0
0
0
0
0
0
0
0
0
0
0
0
0
0
0
0
0
0
0
0
0
0
0
0
0
0
0
0
0
0
0
0
0
0
0
0
0
0
0
0
0
0
0
0
0
0
0
0
0
0
0
0
0
0
0
0
0
0
