-------------------------Distribution of TCAM Usage------------------------
253	0	0	0	0	0	0	0	0	0	0	
253	0	0	0	0	0	0	0	0	0	0	
253	0	0	0	0	0	0	0	0	0	0	
248	5	0	0	0	0	0	0	0	0	0	
229	24	0	0	0	0	0	0	0	0	0	
199	54	0	0	0	0	0	0	0	0	0	
179	74	0	0	0	0	0	0	0	0	0	
153	95	5	0	0	0	0	0	0	0	0	
132	115	6	0	0	0	0	0	0	0	0	
112	132	9	0	0	0	0	0	0	0	0	
100	142	11	0	0	0	0	0	0	0	0	
88	149	16	0	0	0	0	0	0	0	0	
75	155	23	0	0	0	0	0	0	0	0	
66	158	27	2	0	0	0	0	0	0	0	
62	158	31	2	0	0	0	0	0	0	0	
56	157	37	3	0	0	0	0	0	0	0	
50	157	42	4	0	0	0	0	0	0	0	
52	151	46	4	0	0	0	0	0	0	0	
49	155	45	4	0	0	0	0	0	0	0	
42	159	48	4	0	0	0	0	0	0	0	
45	156	46	6	0	0	0	0	0	0	0	
47	153	48	5	0	0	0	0	0	0	0	
48	152	47	6	0	0	0	0	0	0	0	
47	151	51	4	0	0	0	0	0	0	0	
43	155	50	5	0	0	0	0	0	0	0	
44	150	54	5	0	0	0	0	0	0	0	
45	151	54	3	0	0	0	0	0	0	0	
44	151	56	2	0	0	0	0	0	0	0	
45	152	49	7	0	0	0	0	0	0	0	
42	155	51	5	0	0	0	0	0	0	0	
45	156	49	3	0	0	0	0	0	0	0	
44	155	50	4	0	0	0	0	0	0	0	
41	158	50	4	0	0	0	0	0	0	0	
39	162	48	4	0	0	0	0	0	0	0	
36	162	50	5	0	0	0	0	0	0	0	
43	153	52	5	0	0	0	0	0	0	0	
38	158	52	5	0	0	0	0	0	0	0	
41	160	47	5	0	0	0	0	0	0	0	
40	160	50	3	0	0	0	0	0	0	0	
42	157	51	3	0	0	0	0	0	0	0	
43	156	49	5	0	0	0	0	0	0	0	
41	159	48	5	0	0	0	0	0	0	0	
44	159	45	5	0	0	0	0	0	0	0	
43	160	45	5	0	0	0	0	0	0	0	
44	157	47	5	0	0	0	0	0	0	0	
39	161	48	5	0	0	0	0	0	0	0	
37	165	46	5	0	0	0	0	0	0	0	
43	155	50	5	0	0	0	0	0	0	0	
44	158	46	5	0	0	0	0	0	0	0	
47	152	49	5	0	0	0	0	0	0	0	
44	156	48	5	0	0	0	0	0	0	0	
45	154	49	5	0	0	0	0	0	0	0	
66	157	27	3	0	0	0	0	0	0	0	
0	0	0	0	0	0	0	0	0	0	0	
0	0	0	0	0	0	0	0	0	0	0	
0	0	0	0	0	0	0	0	0	0	0	
0	0	0	0	0	0	0	0	0	0	0	
0	0	0	0	0	0	0	0	0	0	0	
0	0	0	0	0	0	0	0	0	0	0	
0	0	0	0	0	0	0	0	0	0	0	
0	0	0	0	0	0	0	0	0	0	0	
0	0	0	0	0	0	0	0	0	0	0	
0	0	0	0	0	0	0	0	0	0	0	
0	0	0	0	0	0	0	0	0	0	0	
0	0	0	0	0	0	0	0	0	0	0	
0	0	0	0	0	0	0	0	0	0	0	
0	0	0	0	0	0	0	0	0	0	0	
0	0	0	0	0	0	0	0	0	0	0	
0	0	0	0	0	0	0	0	0	0	0	
0	0	0	0	0	0	0	0	0	0	0	
0	0	0	0	0	0	0	0	0	0	0	
0	0	0	0	0	0	0	0	0	0	0	
0	0	0	0	0	0	0	0	0	0	0	
0	0	0	0	0	0	0	0	0	0	0	
0	0	0	0	0	0	0	0	0	0	0	
0	0	0	0	0	0	0	0	0	0	0	
0	0	0	0	0	0	0	0	0	0	0	
0	0	0	0	0	0	0	0	0	0	0	
0	0	0	0	0	0	0	0	0	0	0	
0	0	0	0	0	0	0	0	0	0	0	
0	0	0	0	0	0	0	0	0	0	0	
0	0	0	0	0	0	0	0	0	0	0	
0	0	0	0	0	0	0	0	0	0	0	
0	0	0	0	0	0	0	0	0	0	0	
0	0	0	0	0	0	0	0	0	0	0	
0	0	0	0	0	0	0	0	0	0	0	
0	0	0	0	0	0	0	0	0	0	0	
0	0	0	0	0	0	0	0	0	0	0	
0	0	0	0	0	0	0	0	0	0	0	
0	0	0	0	0	0	0	0	0	0	0	
0	0	0	0	0	0	0	0	0	0	0	
0	0	0	0	0	0	0	0	0	0	0	
0	0	0	0	0	0	0	0	0	0	0	
0	0	0	0	0	0	0	0	0	0	0	
0	0	0	0	0	0	0	0	0	0	0	
0	0	0	0	0	0	0	0	0	0	0	
0	0	0	0	0	0	0	0	0	0	0	
0	0	0	0	0	0	0	0	0	0	0	
0	0	0	0	0	0	0	0	0	0	0	
0	0	0	0	0	0	0	0	0	0	0	
0	0	0	0	0	0	0	0	0	0	0	
0	0	0	0	0	0	0	0	0	0	0	
0	0	0	0	0	0	0	0	0	0	0	
0	0	0	0	0	0	0	0	0	0	0	
0	0	0	0	0	0	0	0	0	0	0	
0	0	0	0	0	0	0	0	0	0	0	
0	0	0	0	0	0	0	0	0	0	0	
0	0	0	0	0	0	0	0	0	0	0	
0	0	0	0	0	0	0	0	0	0	0	
0	0	0	0	0	0	0	0	0	0	0	
-------------------------Number of TCAM Overflow occurence-----------------
0
0
0
0
0
0
0
0
0
0
0
0
0
0
0
0
0
0
0
0
0
0
0
0
0
0
0
0
0
0
0
0
0
0
0
0
0
0
0
0
0
0
0
0
0
0
0
0
0
0
0
0
0
0
0
0
0
0
0
0
0
0
0
0
0
0
0
0
0
0
0
0
0
0
0
0
0
0
0
0
0
0
0
0
0
0
0
0
0
0
0
0
0
0
0
0
0
0
0
0
0
0
0
0
0
0
0
0
0
0
