-------------------------Distribution of TCAM Usage------------------------
335	0	-1	2	2	-1	-1	-1	-1	-1	-1	
331	4	1	3	3	-1	-1	-1	-1	-1	-1	
323	10	0	6	5	-1	-1	-1	-1	-1	-1	
317	13	3	7	7	-1	-1	-1	-1	-1	-1	
308	18	6	8	7	-1	-1	-1	-1	-1	-1	
305	19	5	12	9	-1	-1	-1	-1	-1	-1	
283	37	6	15	13	-1	-1	-1	-1	-1	-1	
263	54	8	17	16	-1	-1	-1	-1	-1	-1	
240	77	7	18	17	-1	-1	-1	-1	-1	-1	
221	91	9	21	18	-1	-1	-1	-1	-1	-1	
196	114	8	24	21	-1	-1	-1	-1	-1	-1	
176	133	8	25	23	-1	-1	-1	-1	-1	-1	
156	152	6	28	24	-1	-1	-1	-1	-1	-1	
140	164	9	29	25	-1	-1	-1	-1	-1	-1	
125	177	11	29	26	-1	-1	-1	-1	-1	-1	
110	189	12	30	28	-1	-1	-1	-1	-1	-1	
107	192	9	33	25	-1	-1	-1	-1	-1	-1	
92	203	13	33	29	-1	-1	-1	-1	-1	-1	
90	205	13	33	27	-1	-1	-1	-1	-1	-1	
85	210	13	33	27	-1	-1	-1	-1	-1	-1	
77	217	14	33	23	-1	-1	-1	-1	-1	-1	
76	216	15	33	23	-1	-1	-1	-1	-1	-1	
80	213	14	33	24	-1	-1	-1	-1	-1	-1	
80	212	15	33	23	-1	-1	-1	-1	-1	-1	
84	210	14	32	24	-1	-1	-1	-1	-1	-1	
81	211	16	32	24	-1	-1	-1	-1	-1	-1	
80	214	14	32	24	-1	-1	-1	-1	-1	-1	
75	219	15	31	25	-1	-1	-1	-1	-1	-1	
80	215	15	31	26	-1	-1	-1	-1	-1	-1	
82	212	15	32	26	-1	-1	-1	-1	-1	-1	
79	211	19	32	25	-1	-1	-1	-1	-1	-1	
77	216	16	32	27	-1	-1	-1	-1	-1	-1	
83	209	17	32	22	-1	-1	-1	-1	-1	-1	
82	209	18	32	27	-1	-1	-1	-1	-1	-1	
78	211	20	32	25	-1	-1	-1	-1	-1	-1	
80	210	20	31	24	-1	-1	-1	-1	-1	-1	
81	210	19	31	25	-1	-1	-1	-1	-1	-1	
78	212	21	30	25	-1	-1	-1	-1	-1	-1	
77	213	21	30	24	-1	-1	-1	-1	-1	-1	
82	211	19	31	23	-1	-1	-1	-1	-1	-1	
76	217	18	32	27	-1	-1	-1	-1	-1	-1	
77	217	17	32	27	-1	-1	-1	-1	-1	-1	
77	218	16	32	23	-1	-1	-1	-1	-1	-1	
81	214	16	32	26	-1	-1	-1	-1	-1	-1	
84	210	17	32	26	-1	-1	-1	-1	-1	-1	
79	216	16	32	23	-1	-1	-1	-1	-1	-1	
83	212	15	33	25	-1	-1	-1	-1	-1	-1	
83	213	14	33	27	-1	-1	-1	-1	-1	-1	
80	213	16	34	28	-1	-1	-1	-1	-1	-1	
82	213	14	34	29	-1	-1	-1	-1	-1	-1	
79	217	13	34	25	-1	-1	-1	-1	-1	-1	
85	210	14	34	25	-1	-1	-1	-1	-1	-1	
129	176	18	20	1	-1	-1	-1	-1	-1	-1	
-1	-1	-1	-1	-1	-1	-1	-1	-1	-1	-1	
-1	-1	-1	-1	-1	-1	-1	-1	-1	-1	-1	
-1	-1	-1	-1	-1	-1	-1	-1	-1	-1	-1	
-1	-1	-1	-1	-1	-1	-1	-1	-1	-1	-1	
-1	-1	-1	-1	-1	-1	-1	-1	-1	-1	-1	
-1	-1	-1	-1	-1	-1	-1	-1	-1	-1	-1	
-1	-1	-1	-1	-1	-1	-1	-1	-1	-1	-1	
-1	-1	-1	-1	-1	-1	-1	-1	-1	-1	-1	
-1	-1	-1	-1	-1	-1	-1	-1	-1	-1	-1	
-1	-1	-1	-1	-1	-1	-1	-1	-1	-1	-1	
-1	-1	-1	-1	-1	-1	-1	-1	-1	-1	-1	
-1	-1	-1	-1	-1	-1	-1	-1	-1	-1	-1	
-1	-1	-1	-1	-1	-1	-1	-1	-1	-1	-1	
-1	-1	-1	-1	-1	-1	-1	-1	-1	-1	-1	
-1	-1	-1	-1	-1	-1	-1	-1	-1	-1	-1	
-1	-1	-1	-1	-1	-1	-1	-1	-1	-1	-1	
-1	-1	-1	-1	-1	-1	-1	-1	-1	-1	-1	
-1	-1	-1	-1	-1	-1	-1	-1	-1	-1	-1	
-1	-1	-1	-1	-1	-1	-1	-1	-1	-1	-1	
-1	-1	-1	-1	-1	-1	-1	-1	-1	-1	-1	
-1	-1	-1	-1	-1	-1	-1	-1	-1	-1	-1	
-1	-1	-1	-1	-1	-1	-1	-1	-1	-1	-1	
-1	-1	-1	-1	-1	-1	-1	-1	-1	-1	-1	
-1	-1	-1	-1	-1	-1	-1	-1	-1	-1	-1	
-1	-1	-1	-1	-1	-1	-1	-1	-1	-1	-1	
-1	-1	-1	-1	-1	-1	-1	-1	-1	-1	-1	
-1	-1	-1	-1	-1	-1	-1	-1	-1	-1	-1	
-1	-1	-1	-1	-1	-1	-1	-1	-1	-1	-1	
-1	-1	-1	-1	-1	-1	-1	-1	-1	-1	-1	
-1	-1	-1	-1	-1	-1	-1	-1	-1	-1	-1	
-1	-1	-1	-1	-1	-1	-1	-1	-1	-1	-1	
-1	-1	-1	-1	-1	-1	-1	-1	-1	-1	-1	
-1	-1	-1	-1	-1	-1	-1	-1	-1	-1	-1	
-1	-1	-1	-1	-1	-1	-1	-1	-1	-1	-1	
-1	-1	-1	-1	-1	-1	-1	-1	-1	-1	-1	
-1	-1	-1	-1	-1	-1	-1	-1	-1	-1	-1	
-1	-1	-1	-1	-1	-1	-1	-1	-1	-1	-1	
-1	-1	-1	-1	-1	-1	-1	-1	-1	-1	-1	
-1	-1	-1	-1	-1	-1	-1	-1	-1	-1	-1	
-1	-1	-1	-1	-1	-1	-1	-1	-1	-1	-1	
-1	-1	-1	-1	-1	-1	-1	-1	-1	-1	-1	
-1	-1	-1	-1	-1	-1	-1	-1	-1	-1	-1	
-1	-1	-1	-1	-1	-1	-1	-1	-1	-1	-1	
-1	-1	-1	-1	-1	-1	-1	-1	-1	-1	-1	
-1	-1	-1	-1	-1	-1	-1	-1	-1	-1	-1	
-1	-1	-1	-1	-1	-1	-1	-1	-1	-1	-1	
-1	-1	-1	-1	-1	-1	-1	-1	-1	-1	-1	
-1	-1	-1	-1	-1	-1	-1	-1	-1	-1	-1	
-1	-1	-1	-1	-1	-1	-1	-1	-1	-1	-1	
-1	-1	-1	-1	-1	-1	-1	-1	-1	-1	-1	
-1	-1	-1	-1	-1	-1	-1	-1	-1	-1	-1	
-1	-1	-1	-1	-1	-1	-1	-1	-1	-1	-1	
-1	-1	-1	-1	-1	-1	-1	-1	-1	-1	-1	
-1	-1	-1	-1	-1	-1	-1	-1	-1	-1	-1	
-1	-1	-1	-1	-1	-1	-1	-1	-1	-1	-1	
-1	-1	-1	-1	-1	-1	-1	-1	-1	-1	-1	
-1	-1	-1	-1	-1	-1	-1	-1	-1	-1	-1	
-------------------------Number of TCAM Overflow occurence-----------------
2
3
5
7
7
9
13
16
17
18
21
23
24
25
26
28
25
29
27
27
23
23
24
23
24
24
24
25
26
26
25
27
22
27
25
24
25
25
24
23
27
27
23
26
26
23
25
27
28
29
25
25
1
-1
-1
-1
-1
-1
-1
-1
-1
-1
-1
-1
-1
-1
-1
-1
-1
-1
-1
-1
-1
-1
-1
-1
-1
-1
-1
-1
-1
-1
-1
-1
-1
-1
-1
-1
-1
-1
-1
-1
-1
-1
-1
-1
-1
-1
-1
-1
-1
-1
-1
-1
-1
-1
-1
-1
-1
-1
