-------------------------Distribution of TCAM Usage------------------------
253	0	0	0	0	0	0	0	0	0	0	
252	1	0	0	0	0	0	0	0	0	0	
232	21	0	0	0	0	0	0	0	0	0	
184	68	1	0	0	0	0	0	0	0	0	
148	102	3	0	0	0	0	0	0	0	0	
109	133	11	0	0	0	0	0	0	0	0	
78	152	22	1	0	0	0	0	0	0	0	
55	156	41	1	0	0	0	0	0	0	0	
40	156	52	5	0	0	0	0	0	0	0	
26	160	59	8	0	0	0	0	0	0	0	
16	151	75	10	1	0	0	0	0	0	0	
9	149	77	17	1	0	0	0	0	0	0	
6	144	76	25	2	0	0	0	0	0	0	
3	143	74	29	3	1	0	0	0	0	0	
2	133	83	31	3	1	0	0	0	0	0	
2	123	85	37	5	1	0	0	0	0	0	
0	117	92	37	6	1	0	0	0	0	0	
0	114	89	42	7	1	0	0	0	0	0	
0	110	92	42	8	1	0	0	0	0	0	
0	110	90	44	8	1	0	0	0	0	0	
0	112	89	43	8	1	0	0	0	0	0	
0	113	89	41	9	1	0	0	0	0	0	
0	115	87	42	8	1	0	0	0	0	0	
0	110	90	45	7	1	0	0	0	0	0	
0	115	87	43	7	1	0	0	0	0	0	
1	114	83	46	8	1	0	0	0	0	0	
0	114	84	45	9	1	0	0	0	0	0	
0	112	85	47	8	1	0	0	0	0	0	
0	111	89	45	7	1	0	0	0	0	0	
0	113	88	43	8	1	0	0	0	0	0	
0	111	89	44	8	1	0	0	0	0	0	
0	108	91	44	9	1	0	0	0	0	0	
0	110	91	43	8	1	0	0	0	0	0	
1	104	97	43	7	1	0	0	0	0	0	
0	106	96	43	7	1	0	0	0	0	0	
0	110	91	44	7	1	0	0	0	0	0	
0	110	89	45	8	1	0	0	0	0	0	
0	110	88	47	8	0	0	0	0	0	0	
0	110	90	45	7	1	0	0	0	0	0	
1	108	90	45	8	1	0	0	0	0	0	
0	109	89	46	8	1	0	0	0	0	0	
2	105	92	45	8	1	0	0	0	0	0	
1	107	90	46	8	1	0	0	0	0	0	
2	106	90	46	8	1	0	0	0	0	0	
1	105	91	47	8	1	0	0	0	0	0	
1	102	95	46	8	1	0	0	0	0	0	
1	107	86	50	8	1	0	0	0	0	0	
1	109	85	49	8	1	0	0	0	0	0	
1	111	86	46	8	1	0	0	0	0	0	
1	109	87	47	8	1	0	0	0	0	0	
1	107	92	44	8	1	0	0	0	0	0	
0	110	90	44	8	1	0	0	0	0	0	
3	128	88	27	6	1	0	0	0	0	0	
0	0	0	0	0	0	0	0	0	0	0	
0	0	0	0	0	0	0	0	0	0	0	
0	0	0	0	0	0	0	0	0	0	0	
0	0	0	0	0	0	0	0	0	0	0	
0	0	0	0	0	0	0	0	0	0	0	
0	0	0	0	0	0	0	0	0	0	0	
0	0	0	0	0	0	0	0	0	0	0	
0	0	0	0	0	0	0	0	0	0	0	
0	0	0	0	0	0	0	0	0	0	0	
0	0	0	0	0	0	0	0	0	0	0	
0	0	0	0	0	0	0	0	0	0	0	
0	0	0	0	0	0	0	0	0	0	0	
0	0	0	0	0	0	0	0	0	0	0	
0	0	0	0	0	0	0	0	0	0	0	
0	0	0	0	0	0	0	0	0	0	0	
0	0	0	0	0	0	0	0	0	0	0	
0	0	0	0	0	0	0	0	0	0	0	
0	0	0	0	0	0	0	0	0	0	0	
0	0	0	0	0	0	0	0	0	0	0	
0	0	0	0	0	0	0	0	0	0	0	
0	0	0	0	0	0	0	0	0	0	0	
0	0	0	0	0	0	0	0	0	0	0	
0	0	0	0	0	0	0	0	0	0	0	
0	0	0	0	0	0	0	0	0	0	0	
0	0	0	0	0	0	0	0	0	0	0	
0	0	0	0	0	0	0	0	0	0	0	
0	0	0	0	0	0	0	0	0	0	0	
0	0	0	0	0	0	0	0	0	0	0	
0	0	0	0	0	0	0	0	0	0	0	
0	0	0	0	0	0	0	0	0	0	0	
0	0	0	0	0	0	0	0	0	0	0	
0	0	0	0	0	0	0	0	0	0	0	
0	0	0	0	0	0	0	0	0	0	0	
0	0	0	0	0	0	0	0	0	0	0	
0	0	0	0	0	0	0	0	0	0	0	
0	0	0	0	0	0	0	0	0	0	0	
0	0	0	0	0	0	0	0	0	0	0	
0	0	0	0	0	0	0	0	0	0	0	
0	0	0	0	0	0	0	0	0	0	0	
0	0	0	0	0	0	0	0	0	0	0	
0	0	0	0	0	0	0	0	0	0	0	
0	0	0	0	0	0	0	0	0	0	0	
0	0	0	0	0	0	0	0	0	0	0	
0	0	0	0	0	0	0	0	0	0	0	
0	0	0	0	0	0	0	0	0	0	0	
0	0	0	0	0	0	0	0	0	0	0	
0	0	0	0	0	0	0	0	0	0	0	
0	0	0	0	0	0	0	0	0	0	0	
0	0	0	0	0	0	0	0	0	0	0	
0	0	0	0	0	0	0	0	0	0	0	
0	0	0	0	0	0	0	0	0	0	0	
0	0	0	0	0	0	0	0	0	0	0	
0	0	0	0	0	0	0	0	0	0	0	
0	0	0	0	0	0	0	0	0	0	0	
0	0	0	0	0	0	0	0	0	0	0	
0	0	0	0	0	0	0	0	0	0	0	
0	0	0	0	0	0	0	0	0	0	0	
-------------------------Number of TCAM Overflow occurence-----------------
0
0
0
0
0
0
0
0
0
0
0
0
0
0
0
0
0
0
0
0
0
0
0
0
0
0
0
0
0
0
0
0
0
0
0
0
0
0
0
0
0
0
0
0
0
0
0
0
0
0
0
0
0
0
0
0
0
0
0
0
0
0
0
0
0
0
0
0
0
0
0
0
0
0
0
0
0
0
0
0
0
0
0
0
0
0
0
0
0
0
0
0
0
0
0
0
0
0
0
0
0
0
0
0
0
0
0
0
0
0
