-------------------------Distribution of TCAM Usage------------------------
252	-1	-1	-1	-1	-1	-1	-1	-1	-1	-1	
252	-1	-1	-1	-1	-1	-1	-1	-1	-1	-1	
247	4	-1	-1	-1	-1	-1	-1	-1	-1	-1	
236	15	-1	-1	-1	-1	-1	-1	-1	-1	-1	
190	61	-1	-1	-1	-1	-1	-1	-1	-1	-1	
163	87	0	-1	-1	-1	-1	-1	-1	-1	-1	
134	111	5	-1	-1	-1	-1	-1	-1	-1	-1	
100	141	9	-1	-1	-1	-1	-1	-1	-1	-1	
82	156	11	0	-1	-1	-1	-1	-1	-1	-1	
67	161	18	3	0	-1	-1	-1	-1	-1	-1	
50	162	31	6	0	-1	-1	-1	-1	-1	-1	
42	150	48	9	3	-1	-1	-1	-1	-1	-1	
34	155	51	9	5	-1	-1	-1	-1	-1	-1	
30	153	57	9	6	-1	-1	-1	-1	-1	-1	
26	155	57	11	9	-1	-1	-1	-1	-1	-1	
19	157	59	14	9	-1	-1	-1	-1	-1	-1	
17	158	59	15	7	-1	-1	-1	-1	-1	-1	
14	157	58	20	9	-1	-1	-1	-1	-1	-1	
11	156	61	21	9	-1	-1	-1	-1	-1	-1	
8	158	60	23	7	-1	-1	-1	-1	-1	-1	
7	162	56	24	8	-1	-1	-1	-1	-1	-1	
7	163	56	23	7	-1	-1	-1	-1	-1	-1	
8	161	55	25	6	-1	-1	-1	-1	-1	-1	
9	160	56	24	8	-1	-1	-1	-1	-1	-1	
7	160	55	27	8	-1	-1	-1	-1	-1	-1	
7	160	55	27	7	-1	-1	-1	-1	-1	-1	
9	158	56	26	7	-1	-1	-1	-1	-1	-1	
10	157	55	27	7	-1	-1	-1	-1	-1	-1	
10	154	59	26	7	-1	-1	-1	-1	-1	-1	
9	156	59	25	9	-1	-1	-1	-1	-1	-1	
8	157	59	25	8	-1	-1	-1	-1	-1	-1	
9	160	56	24	8	-1	-1	-1	-1	-1	-1	
9	159	56	25	6	-1	-1	-1	-1	-1	-1	
11	155	58	25	9	-1	-1	-1	-1	-1	-1	
10	155	59	25	9	-1	-1	-1	-1	-1	-1	
9	156	58	26	8	-1	-1	-1	-1	-1	-1	
8	155	61	25	9	-1	-1	-1	-1	-1	-1	
8	157	62	22	9	-1	-1	-1	-1	-1	-1	
11	153	62	23	9	-1	-1	-1	-1	-1	-1	
12	154	59	24	10	-1	-1	-1	-1	-1	-1	
12	151	61	25	5	-1	-1	-1	-1	-1	-1	
14	150	62	23	7	-1	-1	-1	-1	-1	-1	
13	152	59	25	8	-1	-1	-1	-1	-1	-1	
15	151	57	26	7	-1	-1	-1	-1	-1	-1	
17	149	60	23	8	-1	-1	-1	-1	-1	-1	
14	151	64	20	8	-1	-1	-1	-1	-1	-1	
16	149	64	20	7	-1	-1	-1	-1	-1	-1	
17	150	62	20	8	-1	-1	-1	-1	-1	-1	
14	151	62	22	8	-1	-1	-1	-1	-1	-1	
16	151	59	23	7	-1	-1	-1	-1	-1	-1	
14	154	59	22	9	-1	-1	-1	-1	-1	-1	
15	155	58	21	8	-1	-1	-1	-1	-1	-1	
25	156	59	9	-1	-1	-1	-1	-1	-1	-1	
-1	-1	-1	-1	-1	-1	-1	-1	-1	-1	-1	
-1	-1	-1	-1	-1	-1	-1	-1	-1	-1	-1	
-1	-1	-1	-1	-1	-1	-1	-1	-1	-1	-1	
-1	-1	-1	-1	-1	-1	-1	-1	-1	-1	-1	
-1	-1	-1	-1	-1	-1	-1	-1	-1	-1	-1	
-1	-1	-1	-1	-1	-1	-1	-1	-1	-1	-1	
-1	-1	-1	-1	-1	-1	-1	-1	-1	-1	-1	
-1	-1	-1	-1	-1	-1	-1	-1	-1	-1	-1	
-1	-1	-1	-1	-1	-1	-1	-1	-1	-1	-1	
-1	-1	-1	-1	-1	-1	-1	-1	-1	-1	-1	
-1	-1	-1	-1	-1	-1	-1	-1	-1	-1	-1	
-1	-1	-1	-1	-1	-1	-1	-1	-1	-1	-1	
-1	-1	-1	-1	-1	-1	-1	-1	-1	-1	-1	
-1	-1	-1	-1	-1	-1	-1	-1	-1	-1	-1	
-1	-1	-1	-1	-1	-1	-1	-1	-1	-1	-1	
-1	-1	-1	-1	-1	-1	-1	-1	-1	-1	-1	
-1	-1	-1	-1	-1	-1	-1	-1	-1	-1	-1	
-1	-1	-1	-1	-1	-1	-1	-1	-1	-1	-1	
-1	-1	-1	-1	-1	-1	-1	-1	-1	-1	-1	
-1	-1	-1	-1	-1	-1	-1	-1	-1	-1	-1	
-1	-1	-1	-1	-1	-1	-1	-1	-1	-1	-1	
-1	-1	-1	-1	-1	-1	-1	-1	-1	-1	-1	
-1	-1	-1	-1	-1	-1	-1	-1	-1	-1	-1	
-1	-1	-1	-1	-1	-1	-1	-1	-1	-1	-1	
-1	-1	-1	-1	-1	-1	-1	-1	-1	-1	-1	
-1	-1	-1	-1	-1	-1	-1	-1	-1	-1	-1	
-1	-1	-1	-1	-1	-1	-1	-1	-1	-1	-1	
-1	-1	-1	-1	-1	-1	-1	-1	-1	-1	-1	
-1	-1	-1	-1	-1	-1	-1	-1	-1	-1	-1	
-1	-1	-1	-1	-1	-1	-1	-1	-1	-1	-1	
-1	-1	-1	-1	-1	-1	-1	-1	-1	-1	-1	
-1	-1	-1	-1	-1	-1	-1	-1	-1	-1	-1	
-1	-1	-1	-1	-1	-1	-1	-1	-1	-1	-1	
-1	-1	-1	-1	-1	-1	-1	-1	-1	-1	-1	
-1	-1	-1	-1	-1	-1	-1	-1	-1	-1	-1	
-1	-1	-1	-1	-1	-1	-1	-1	-1	-1	-1	
-1	-1	-1	-1	-1	-1	-1	-1	-1	-1	-1	
-1	-1	-1	-1	-1	-1	-1	-1	-1	-1	-1	
-1	-1	-1	-1	-1	-1	-1	-1	-1	-1	-1	
-1	-1	-1	-1	-1	-1	-1	-1	-1	-1	-1	
-1	-1	-1	-1	-1	-1	-1	-1	-1	-1	-1	
-1	-1	-1	-1	-1	-1	-1	-1	-1	-1	-1	
-1	-1	-1	-1	-1	-1	-1	-1	-1	-1	-1	
-1	-1	-1	-1	-1	-1	-1	-1	-1	-1	-1	
-1	-1	-1	-1	-1	-1	-1	-1	-1	-1	-1	
-1	-1	-1	-1	-1	-1	-1	-1	-1	-1	-1	
-1	-1	-1	-1	-1	-1	-1	-1	-1	-1	-1	
-1	-1	-1	-1	-1	-1	-1	-1	-1	-1	-1	
-1	-1	-1	-1	-1	-1	-1	-1	-1	-1	-1	
-1	-1	-1	-1	-1	-1	-1	-1	-1	-1	-1	
-1	-1	-1	-1	-1	-1	-1	-1	-1	-1	-1	
-1	-1	-1	-1	-1	-1	-1	-1	-1	-1	-1	
-1	-1	-1	-1	-1	-1	-1	-1	-1	-1	-1	
-1	-1	-1	-1	-1	-1	-1	-1	-1	-1	-1	
-1	-1	-1	-1	-1	-1	-1	-1	-1	-1	-1	
-1	-1	-1	-1	-1	-1	-1	-1	-1	-1	-1	
-1	-1	-1	-1	-1	-1	-1	-1	-1	-1	-1	
-------------------------Number of TCAM Overflow occurence-----------------
-1
-1
-1
-1
-1
-1
-1
-1
-1
0
0
3
5
6
9
9
7
9
9
7
8
7
6
8
8
7
7
7
7
9
8
8
6
9
9
8
9
9
9
10
5
7
8
7
8
8
7
8
8
7
9
8
-1
-1
-1
-1
-1
-1
-1
-1
-1
-1
-1
-1
-1
-1
-1
-1
-1
-1
-1
-1
-1
-1
-1
-1
-1
-1
-1
-1
-1
-1
-1
-1
-1
-1
-1
-1
-1
-1
-1
-1
-1
-1
-1
-1
-1
-1
-1
-1
-1
-1
-1
-1
-1
-1
-1
-1
-1
-1
