-------------------------Distribution of TCAM Usage------------------------
252	-1	-1	-1	-1	-1	-1	-1	-1	-1	-1	
251	0	-1	-1	-1	-1	-1	-1	-1	-1	-1	
241	10	-1	-1	-1	-1	-1	-1	-1	-1	-1	
187	64	-1	-1	-1	-1	-1	-1	-1	-1	-1	
149	100	1	-1	-1	-1	-1	-1	-1	-1	-1	
108	134	7	0	-1	-1	-1	-1	-1	-1	-1	
74	159	16	0	0	-1	-1	-1	-1	-1	-1	
57	152	34	6	0	-1	-1	-1	-1	-1	-1	
35	154	52	8	4	-1	-1	-1	-1	-1	-1	
28	152	59	10	8	-1	-1	-1	-1	-1	-1	
16	147	62	24	9	-1	-1	-1	-1	-1	-1	
7	150	61	31	11	-1	-1	-1	-1	-1	-1	
3	142	59	45	23	-1	-1	-1	-1	-1	-1	
-1	135	64	51	28	-1	-1	-1	-1	-1	-1	
-1	125	66	59	35	-1	-1	-1	-1	-1	-1	
-1	116	68	66	39	-1	-1	-1	-1	-1	-1	
-1	112	71	67	46	-1	-1	-1	-1	-1	-1	
-1	109	71	70	47	-1	-1	-1	-1	-1	-1	
-1	108	72	70	45	-1	-1	-1	-1	-1	-1	
-1	105	75	70	46	-1	-1	-1	-1	-1	-1	
-1	107	72	71	33	-1	-1	-1	-1	-1	-1	
-1	107	73	70	39	-1	-1	-1	-1	-1	-1	
-1	109	71	70	33	-1	-1	-1	-1	-1	-1	
-1	112	69	69	36	-1	-1	-1	-1	-1	-1	
-1	111	69	70	33	-1	-1	-1	-1	-1	-1	
-1	109	71	70	33	-1	-1	-1	-1	-1	-1	
-1	109	71	70	31	-1	-1	-1	-1	-1	-1	
-1	108	71	71	35	-1	-1	-1	-1	-1	-1	
-1	108	71	71	39	-1	-1	-1	-1	-1	-1	
-1	108	72	70	33	-1	-1	-1	-1	-1	-1	
-1	109	73	68	35	-1	-1	-1	-1	-1	-1	
-1	106	72	72	33	-1	-1	-1	-1	-1	-1	
-1	106	72	72	38	-1	-1	-1	-1	-1	-1	
-1	110	69	71	36	-1	-1	-1	-1	-1	-1	
-1	108	72	70	37	-1	-1	-1	-1	-1	-1	
-1	109	69	72	41	-1	-1	-1	-1	-1	-1	
-1	108	72	70	41	-1	-1	-1	-1	-1	-1	
-1	109	70	71	39	-1	-1	-1	-1	-1	-1	
-1	106	72	72	38	-1	-1	-1	-1	-1	-1	
-1	109	69	72	41	-1	-1	-1	-1	-1	-1	
-1	110	68	72	40	-1	-1	-1	-1	-1	-1	
-1	109	70	71	43	-1	-1	-1	-1	-1	-1	
-1	110	67	73	34	-1	-1	-1	-1	-1	-1	
-1	106	71	73	37	-1	-1	-1	-1	-1	-1	
-1	110	67	73	38	-1	-1	-1	-1	-1	-1	
-1	109	68	73	41	-1	-1	-1	-1	-1	-1	
-1	104	73	73	39	-1	-1	-1	-1	-1	-1	
-1	107	72	71	38	-1	-1	-1	-1	-1	-1	
-1	108	70	72	36	-1	-1	-1	-1	-1	-1	
-1	106	70	74	34	-1	-1	-1	-1	-1	-1	
-1	107	70	73	37	-1	-1	-1	-1	-1	-1	
-1	110	69	71	29	-1	-1	-1	-1	-1	-1	
1	136	67	45	-1	-1	-1	-1	-1	-1	-1	
-1	-1	-1	-1	-1	-1	-1	-1	-1	-1	-1	
-1	-1	-1	-1	-1	-1	-1	-1	-1	-1	-1	
-1	-1	-1	-1	-1	-1	-1	-1	-1	-1	-1	
-1	-1	-1	-1	-1	-1	-1	-1	-1	-1	-1	
-1	-1	-1	-1	-1	-1	-1	-1	-1	-1	-1	
-1	-1	-1	-1	-1	-1	-1	-1	-1	-1	-1	
-1	-1	-1	-1	-1	-1	-1	-1	-1	-1	-1	
-1	-1	-1	-1	-1	-1	-1	-1	-1	-1	-1	
-1	-1	-1	-1	-1	-1	-1	-1	-1	-1	-1	
-1	-1	-1	-1	-1	-1	-1	-1	-1	-1	-1	
-1	-1	-1	-1	-1	-1	-1	-1	-1	-1	-1	
-1	-1	-1	-1	-1	-1	-1	-1	-1	-1	-1	
-1	-1	-1	-1	-1	-1	-1	-1	-1	-1	-1	
-1	-1	-1	-1	-1	-1	-1	-1	-1	-1	-1	
-1	-1	-1	-1	-1	-1	-1	-1	-1	-1	-1	
-1	-1	-1	-1	-1	-1	-1	-1	-1	-1	-1	
-1	-1	-1	-1	-1	-1	-1	-1	-1	-1	-1	
-1	-1	-1	-1	-1	-1	-1	-1	-1	-1	-1	
-1	-1	-1	-1	-1	-1	-1	-1	-1	-1	-1	
-1	-1	-1	-1	-1	-1	-1	-1	-1	-1	-1	
-1	-1	-1	-1	-1	-1	-1	-1	-1	-1	-1	
-1	-1	-1	-1	-1	-1	-1	-1	-1	-1	-1	
-1	-1	-1	-1	-1	-1	-1	-1	-1	-1	-1	
-1	-1	-1	-1	-1	-1	-1	-1	-1	-1	-1	
-1	-1	-1	-1	-1	-1	-1	-1	-1	-1	-1	
-1	-1	-1	-1	-1	-1	-1	-1	-1	-1	-1	
-1	-1	-1	-1	-1	-1	-1	-1	-1	-1	-1	
-1	-1	-1	-1	-1	-1	-1	-1	-1	-1	-1	
-1	-1	-1	-1	-1	-1	-1	-1	-1	-1	-1	
-1	-1	-1	-1	-1	-1	-1	-1	-1	-1	-1	
-1	-1	-1	-1	-1	-1	-1	-1	-1	-1	-1	
-1	-1	-1	-1	-1	-1	-1	-1	-1	-1	-1	
-1	-1	-1	-1	-1	-1	-1	-1	-1	-1	-1	
-1	-1	-1	-1	-1	-1	-1	-1	-1	-1	-1	
-1	-1	-1	-1	-1	-1	-1	-1	-1	-1	-1	
-1	-1	-1	-1	-1	-1	-1	-1	-1	-1	-1	
-1	-1	-1	-1	-1	-1	-1	-1	-1	-1	-1	
-1	-1	-1	-1	-1	-1	-1	-1	-1	-1	-1	
-1	-1	-1	-1	-1	-1	-1	-1	-1	-1	-1	
-1	-1	-1	-1	-1	-1	-1	-1	-1	-1	-1	
-1	-1	-1	-1	-1	-1	-1	-1	-1	-1	-1	
-1	-1	-1	-1	-1	-1	-1	-1	-1	-1	-1	
-1	-1	-1	-1	-1	-1	-1	-1	-1	-1	-1	
-1	-1	-1	-1	-1	-1	-1	-1	-1	-1	-1	
-1	-1	-1	-1	-1	-1	-1	-1	-1	-1	-1	
-1	-1	-1	-1	-1	-1	-1	-1	-1	-1	-1	
-1	-1	-1	-1	-1	-1	-1	-1	-1	-1	-1	
-1	-1	-1	-1	-1	-1	-1	-1	-1	-1	-1	
-1	-1	-1	-1	-1	-1	-1	-1	-1	-1	-1	
-1	-1	-1	-1	-1	-1	-1	-1	-1	-1	-1	
-1	-1	-1	-1	-1	-1	-1	-1	-1	-1	-1	
-1	-1	-1	-1	-1	-1	-1	-1	-1	-1	-1	
-1	-1	-1	-1	-1	-1	-1	-1	-1	-1	-1	
-1	-1	-1	-1	-1	-1	-1	-1	-1	-1	-1	
-1	-1	-1	-1	-1	-1	-1	-1	-1	-1	-1	
-1	-1	-1	-1	-1	-1	-1	-1	-1	-1	-1	
-1	-1	-1	-1	-1	-1	-1	-1	-1	-1	-1	
-------------------------Number of TCAM Overflow occurence-----------------
-1
-1
-1
-1
-1
-1
0
0
4
8
9
11
23
28
35
39
46
47
45
46
33
39
33
36
33
33
31
35
39
33
35
33
38
36
37
41
41
39
38
41
40
43
34
37
38
41
39
38
36
34
37
29
-1
-1
-1
-1
-1
-1
-1
-1
-1
-1
-1
-1
-1
-1
-1
-1
-1
-1
-1
-1
-1
-1
-1
-1
-1
-1
-1
-1
-1
-1
-1
-1
-1
-1
-1
-1
-1
-1
-1
-1
-1
-1
-1
-1
-1
-1
-1
-1
-1
-1
-1
-1
-1
-1
-1
-1
-1
-1
