-------------------------Distribution of TCAM Usage------------------------
334	4	-1	2	1	-1	-1	-1	-1	-1	-1	
327	7	1	4	4	-1	-1	-1	-1	-1	-1	
315	15	3	7	6	-1	-1	-1	-1	-1	-1	
311	15	6	9	9	-1	-1	-1	-1	-1	-1	
295	27	7	13	13	-1	-1	-1	-1	-1	-1	
272	46	6	18	15	-1	-1	-1	-1	-1	-1	
235	77	10	20	18	-1	-1	-1	-1	-1	-1	
188	123	7	24	20	-1	-1	-1	-1	-1	-1	
154	150	12	26	22	-1	-1	-1	-1	-1	-1	
118	183	10	31	27	-1	-1	-1	-1	-1	-1	
84	209	16	33	31	-1	-1	-1	-1	-1	-1	
66	223	20	33	32	-1	-1	-1	-1	-1	-1	
48	235	25	34	32	-1	-1	-1	-1	-1	-1	
37	241	28	36	33	-1	-1	-1	-1	-1	-1	
29	245	33	36	33	-1	-1	-1	-1	-1	-1	
24	239	38	41	32	-1	-1	-1	-1	-1	-1	
18	237	44	43	33	-1	-1	-1	-1	-1	-1	
21	238	40	44	33	-1	-1	-1	-1	-1	-1	
18	236	45	44	34	-1	-1	-1	-1	-1	-1	
17	234	48	45	31	-1	-1	-1	-1	-1	-1	
16	236	48	44	32	-1	-1	-1	-1	-1	-1	
13	234	52	44	31	-1	-1	-1	-1	-1	-1	
13	235	50	45	32	-1	-1	-1	-1	-1	-1	
15	232	52	44	34	-1	-1	-1	-1	-1	-1	
15	230	56	42	33	-1	-1	-1	-1	-1	-1	
15	234	52	42	29	-1	-1	-1	-1	-1	-1	
18	228	55	42	28	-1	-1	-1	-1	-1	-1	
19	230	50	44	32	-1	-1	-1	-1	-1	-1	
19	226	55	43	31	-1	-1	-1	-1	-1	-1	
18	230	53	42	32	-1	-1	-1	-1	-1	-1	
18	230	53	42	32	-1	-1	-1	-1	-1	-1	
19	227	56	41	33	-1	-1	-1	-1	-1	-1	
23	226	49	44	31	-1	-1	-1	-1	-1	-1	
22	220	56	44	34	-1	-1	-1	-1	-1	-1	
21	227	50	44	32	-1	-1	-1	-1	-1	-1	
22	224	52	44	35	-1	-1	-1	-1	-1	-1	
21	227	49	45	33	-1	-1	-1	-1	-1	-1	
22	228	47	45	35	-1	-1	-1	-1	-1	-1	
21	225	53	43	33	-1	-1	-1	-1	-1	-1	
18	229	51	44	33	-1	-1	-1	-1	-1	-1	
17	231	51	43	35	-1	-1	-1	-1	-1	-1	
22	224	51	45	35	-1	-1	-1	-1	-1	-1	
21	224	51	46	33	-1	-1	-1	-1	-1	-1	
21	225	49	47	32	-1	-1	-1	-1	-1	-1	
19	225	51	47	31	-1	-1	-1	-1	-1	-1	
18	233	45	46	33	-1	-1	-1	-1	-1	-1	
21	229	45	47	33	-1	-1	-1	-1	-1	-1	
20	226	50	46	31	-1	-1	-1	-1	-1	-1	
20	227	48	47	31	-1	-1	-1	-1	-1	-1	
21	229	48	44	33	-1	-1	-1	-1	-1	-1	
20	232	46	44	33	-1	-1	-1	-1	-1	-1	
22	228	49	43	32	-1	-1	-1	-1	-1	-1	
31	245	36	30	2	-1	-1	-1	-1	-1	-1	
-1	-1	-1	-1	-1	-1	-1	-1	-1	-1	-1	
-1	-1	-1	-1	-1	-1	-1	-1	-1	-1	-1	
-1	-1	-1	-1	-1	-1	-1	-1	-1	-1	-1	
-1	-1	-1	-1	-1	-1	-1	-1	-1	-1	-1	
-1	-1	-1	-1	-1	-1	-1	-1	-1	-1	-1	
-1	-1	-1	-1	-1	-1	-1	-1	-1	-1	-1	
-1	-1	-1	-1	-1	-1	-1	-1	-1	-1	-1	
-1	-1	-1	-1	-1	-1	-1	-1	-1	-1	-1	
-1	-1	-1	-1	-1	-1	-1	-1	-1	-1	-1	
-1	-1	-1	-1	-1	-1	-1	-1	-1	-1	-1	
-1	-1	-1	-1	-1	-1	-1	-1	-1	-1	-1	
-1	-1	-1	-1	-1	-1	-1	-1	-1	-1	-1	
-1	-1	-1	-1	-1	-1	-1	-1	-1	-1	-1	
-1	-1	-1	-1	-1	-1	-1	-1	-1	-1	-1	
-1	-1	-1	-1	-1	-1	-1	-1	-1	-1	-1	
-1	-1	-1	-1	-1	-1	-1	-1	-1	-1	-1	
-1	-1	-1	-1	-1	-1	-1	-1	-1	-1	-1	
-1	-1	-1	-1	-1	-1	-1	-1	-1	-1	-1	
-1	-1	-1	-1	-1	-1	-1	-1	-1	-1	-1	
-1	-1	-1	-1	-1	-1	-1	-1	-1	-1	-1	
-1	-1	-1	-1	-1	-1	-1	-1	-1	-1	-1	
-1	-1	-1	-1	-1	-1	-1	-1	-1	-1	-1	
-1	-1	-1	-1	-1	-1	-1	-1	-1	-1	-1	
-1	-1	-1	-1	-1	-1	-1	-1	-1	-1	-1	
-1	-1	-1	-1	-1	-1	-1	-1	-1	-1	-1	
-1	-1	-1	-1	-1	-1	-1	-1	-1	-1	-1	
-1	-1	-1	-1	-1	-1	-1	-1	-1	-1	-1	
-1	-1	-1	-1	-1	-1	-1	-1	-1	-1	-1	
-1	-1	-1	-1	-1	-1	-1	-1	-1	-1	-1	
-1	-1	-1	-1	-1	-1	-1	-1	-1	-1	-1	
-1	-1	-1	-1	-1	-1	-1	-1	-1	-1	-1	
-1	-1	-1	-1	-1	-1	-1	-1	-1	-1	-1	
-1	-1	-1	-1	-1	-1	-1	-1	-1	-1	-1	
-1	-1	-1	-1	-1	-1	-1	-1	-1	-1	-1	
-1	-1	-1	-1	-1	-1	-1	-1	-1	-1	-1	
-1	-1	-1	-1	-1	-1	-1	-1	-1	-1	-1	
-1	-1	-1	-1	-1	-1	-1	-1	-1	-1	-1	
-1	-1	-1	-1	-1	-1	-1	-1	-1	-1	-1	
-1	-1	-1	-1	-1	-1	-1	-1	-1	-1	-1	
-1	-1	-1	-1	-1	-1	-1	-1	-1	-1	-1	
-1	-1	-1	-1	-1	-1	-1	-1	-1	-1	-1	
-1	-1	-1	-1	-1	-1	-1	-1	-1	-1	-1	
-1	-1	-1	-1	-1	-1	-1	-1	-1	-1	-1	
-1	-1	-1	-1	-1	-1	-1	-1	-1	-1	-1	
-1	-1	-1	-1	-1	-1	-1	-1	-1	-1	-1	
-1	-1	-1	-1	-1	-1	-1	-1	-1	-1	-1	
-1	-1	-1	-1	-1	-1	-1	-1	-1	-1	-1	
-1	-1	-1	-1	-1	-1	-1	-1	-1	-1	-1	
-1	-1	-1	-1	-1	-1	-1	-1	-1	-1	-1	
-1	-1	-1	-1	-1	-1	-1	-1	-1	-1	-1	
-1	-1	-1	-1	-1	-1	-1	-1	-1	-1	-1	
-1	-1	-1	-1	-1	-1	-1	-1	-1	-1	-1	
-1	-1	-1	-1	-1	-1	-1	-1	-1	-1	-1	
-1	-1	-1	-1	-1	-1	-1	-1	-1	-1	-1	
-1	-1	-1	-1	-1	-1	-1	-1	-1	-1	-1	
-1	-1	-1	-1	-1	-1	-1	-1	-1	-1	-1	
-1	-1	-1	-1	-1	-1	-1	-1	-1	-1	-1	
-------------------------Number of TCAM Overflow occurence-----------------
1
4
6
9
13
15
18
20
22
27
31
32
32
33
33
32
33
33
34
31
32
31
32
34
33
29
28
32
31
32
32
33
31
34
32
35
33
35
33
33
35
35
33
32
31
33
33
31
31
33
33
32
2
-1
-1
-1
-1
-1
-1
-1
-1
-1
-1
-1
-1
-1
-1
-1
-1
-1
-1
-1
-1
-1
-1
-1
-1
-1
-1
-1
-1
-1
-1
-1
-1
-1
-1
-1
-1
-1
-1
-1
-1
-1
-1
-1
-1
-1
-1
-1
-1
-1
-1
-1
-1
-1
-1
-1
-1
-1
