-------------------------Distribution of TCAM Usage------------------------
331	-1	-1	-1	-1	-1	-1	-1	-1	-1	-1	
338	1	0	-1	-1	-1	-1	-1	-1	-1	-1	
338	2	-1	0	-1	-1	-1	-1	-1	-1	-1	
336	4	-1	-1	-1	-1	-1	-1	-1	-1	-1	
335	4	0	-1	-1	-1	-1	-1	-1	-1	-1	
334	4	0	0	-1	-1	-1	-1	-1	-1	-1	
334	4	0	-1	-1	-1	-1	-1	-1	-1	-1	
335	3	0	-1	-1	-1	-1	-1	-1	-1	-1	
332	5	0	-1	-1	-1	-1	-1	-1	-1	-1	
332	5	-1	0	-1	-1	-1	-1	-1	-1	-1	
331	5	-1	-1	-1	-1	-1	-1	-1	-1	-1	
330	6	-1	-1	-1	-1	-1	-1	-1	-1	-1	
332	6	-1	-1	-1	-1	-1	-1	-1	-1	-1	
333	4	-1	-1	-1	-1	-1	-1	-1	-1	-1	
333	3	0	-1	-1	-1	-1	-1	-1	-1	-1	
332	4	0	-1	-1	-1	-1	-1	-1	-1	-1	
334	3	-1	-1	-1	-1	-1	-1	-1	-1	-1	
336	2	-1	-1	-1	-1	-1	-1	-1	-1	-1	
337	1	0	-1	-1	-1	-1	-1	-1	-1	-1	
336	2	0	-1	-1	-1	-1	-1	-1	-1	-1	
337	1	0	0	-1	-1	-1	-1	-1	-1	-1	
336	3	0	-1	-1	-1	-1	-1	-1	-1	-1	
333	5	0	-1	-1	-1	-1	-1	-1	-1	-1	
333	5	-1	0	-1	-1	-1	-1	-1	-1	-1	
332	5	0	-1	-1	-1	-1	-1	-1	-1	-1	
330	7	-1	0	-1	-1	-1	-1	-1	-1	-1	
328	9	-1	-1	-1	-1	-1	-1	-1	-1	-1	
330	7	-1	-1	-1	-1	-1	-1	-1	-1	-1	
330	7	-1	0	-1	-1	-1	-1	-1	-1	-1	
330	5	0	0	-1	-1	-1	-1	-1	-1	-1	
331	5	-1	0	-1	-1	-1	-1	-1	-1	-1	
330	5	-1	0	-1	-1	-1	-1	-1	-1	-1	
331	5	-1	-1	-1	-1	-1	-1	-1	-1	-1	
331	5	-1	0	-1	-1	-1	-1	-1	-1	-1	
331	5	-1	0	-1	-1	-1	-1	-1	-1	-1	
331	5	0	-1	-1	-1	-1	-1	-1	-1	-1	
334	4	-1	0	-1	-1	-1	-1	-1	-1	-1	
334	5	-1	0	-1	-1	-1	-1	-1	-1	-1	
335	4	0	-1	-1	-1	-1	-1	-1	-1	-1	
335	3	0	-1	-1	-1	-1	-1	-1	-1	-1	
335	3	0	0	-1	-1	-1	-1	-1	-1	-1	
336	2	1	-1	-1	-1	-1	-1	-1	-1	-1	
336	2	1	-1	-1	-1	-1	-1	-1	-1	-1	
334	4	1	-1	-1	-1	-1	-1	-1	-1	-1	
334	4	0	-1	-1	-1	-1	-1	-1	-1	-1	
333	4	-1	0	-1	-1	-1	-1	-1	-1	-1	
334	3	0	-1	-1	-1	-1	-1	-1	-1	-1	
334	3	0	-1	-1	-1	-1	-1	-1	-1	-1	
334	2	1	-1	-1	-1	-1	-1	-1	-1	-1	
334	2	1	-1	-1	-1	-1	-1	-1	-1	-1	
334	2	1	-1	-1	-1	-1	-1	-1	-1	-1	
334	2	0	0	-1	-1	-1	-1	-1	-1	-1	
334	3	0	0	-1	-1	-1	-1	-1	-1	-1	
-1	-1	-1	-1	-1	-1	-1	-1	-1	-1	-1	
-1	-1	-1	-1	-1	-1	-1	-1	-1	-1	-1	
-1	-1	-1	-1	-1	-1	-1	-1	-1	-1	-1	
-1	-1	-1	-1	-1	-1	-1	-1	-1	-1	-1	
-1	-1	-1	-1	-1	-1	-1	-1	-1	-1	-1	
-1	-1	-1	-1	-1	-1	-1	-1	-1	-1	-1	
-1	-1	-1	-1	-1	-1	-1	-1	-1	-1	-1	
-1	-1	-1	-1	-1	-1	-1	-1	-1	-1	-1	
-1	-1	-1	-1	-1	-1	-1	-1	-1	-1	-1	
-1	-1	-1	-1	-1	-1	-1	-1	-1	-1	-1	
-1	-1	-1	-1	-1	-1	-1	-1	-1	-1	-1	
-1	-1	-1	-1	-1	-1	-1	-1	-1	-1	-1	
-1	-1	-1	-1	-1	-1	-1	-1	-1	-1	-1	
-1	-1	-1	-1	-1	-1	-1	-1	-1	-1	-1	
-1	-1	-1	-1	-1	-1	-1	-1	-1	-1	-1	
-1	-1	-1	-1	-1	-1	-1	-1	-1	-1	-1	
-1	-1	-1	-1	-1	-1	-1	-1	-1	-1	-1	
-1	-1	-1	-1	-1	-1	-1	-1	-1	-1	-1	
-1	-1	-1	-1	-1	-1	-1	-1	-1	-1	-1	
-1	-1	-1	-1	-1	-1	-1	-1	-1	-1	-1	
-1	-1	-1	-1	-1	-1	-1	-1	-1	-1	-1	
-1	-1	-1	-1	-1	-1	-1	-1	-1	-1	-1	
-1	-1	-1	-1	-1	-1	-1	-1	-1	-1	-1	
-1	-1	-1	-1	-1	-1	-1	-1	-1	-1	-1	
-1	-1	-1	-1	-1	-1	-1	-1	-1	-1	-1	
-1	-1	-1	-1	-1	-1	-1	-1	-1	-1	-1	
-1	-1	-1	-1	-1	-1	-1	-1	-1	-1	-1	
-1	-1	-1	-1	-1	-1	-1	-1	-1	-1	-1	
-1	-1	-1	-1	-1	-1	-1	-1	-1	-1	-1	
-1	-1	-1	-1	-1	-1	-1	-1	-1	-1	-1	
-1	-1	-1	-1	-1	-1	-1	-1	-1	-1	-1	
-1	-1	-1	-1	-1	-1	-1	-1	-1	-1	-1	
-1	-1	-1	-1	-1	-1	-1	-1	-1	-1	-1	
-1	-1	-1	-1	-1	-1	-1	-1	-1	-1	-1	
-1	-1	-1	-1	-1	-1	-1	-1	-1	-1	-1	
-1	-1	-1	-1	-1	-1	-1	-1	-1	-1	-1	
-1	-1	-1	-1	-1	-1	-1	-1	-1	-1	-1	
-1	-1	-1	-1	-1	-1	-1	-1	-1	-1	-1	
-1	-1	-1	-1	-1	-1	-1	-1	-1	-1	-1	
-1	-1	-1	-1	-1	-1	-1	-1	-1	-1	-1	
-1	-1	-1	-1	-1	-1	-1	-1	-1	-1	-1	
-1	-1	-1	-1	-1	-1	-1	-1	-1	-1	-1	
-1	-1	-1	-1	-1	-1	-1	-1	-1	-1	-1	
-1	-1	-1	-1	-1	-1	-1	-1	-1	-1	-1	
-1	-1	-1	-1	-1	-1	-1	-1	-1	-1	-1	
-1	-1	-1	-1	-1	-1	-1	-1	-1	-1	-1	
-1	-1	-1	-1	-1	-1	-1	-1	-1	-1	-1	
-1	-1	-1	-1	-1	-1	-1	-1	-1	-1	-1	
-1	-1	-1	-1	-1	-1	-1	-1	-1	-1	-1	
-1	-1	-1	-1	-1	-1	-1	-1	-1	-1	-1	
-1	-1	-1	-1	-1	-1	-1	-1	-1	-1	-1	
-1	-1	-1	-1	-1	-1	-1	-1	-1	-1	-1	
-1	-1	-1	-1	-1	-1	-1	-1	-1	-1	-1	
-1	-1	-1	-1	-1	-1	-1	-1	-1	-1	-1	
-1	-1	-1	-1	-1	-1	-1	-1	-1	-1	-1	
-1	-1	-1	-1	-1	-1	-1	-1	-1	-1	-1	
-1	-1	-1	-1	-1	-1	-1	-1	-1	-1	-1	
-------------------------Number of TCAM Overflow occurence-----------------
-1
-1
-1
-1
-1
-1
-1
-1
-1
-1
-1
-1
-1
-1
-1
-1
-1
-1
-1
-1
-1
-1
-1
-1
-1
-1
-1
-1
-1
-1
-1
-1
-1
-1
-1
-1
-1
-1
-1
-1
-1
-1
-1
-1
-1
-1
-1
-1
-1
-1
-1
-1
-1
-1
-1
-1
-1
-1
-1
-1
-1
-1
-1
-1
-1
-1
-1
-1
-1
-1
-1
-1
-1
-1
-1
-1
-1
-1
-1
-1
-1
-1
-1
-1
-1
-1
-1
-1
-1
-1
-1
-1
-1
-1
-1
-1
-1
-1
-1
-1
-1
-1
-1
-1
-1
-1
-1
-1
-1
-1
