-------------------------Distribution of TCAM Usage------------------------
332	3	-1	1	-1	-1	-1	-1	-1	-1	-1	
329	4	2	-1	-1	-1	-1	-1	-1	-1	-1	
322	11	1	1	-1	-1	-1	-1	-1	-1	-1	
317	18	-1	-1	-1	-1	-1	-1	-1	-1	-1	
310	20	3	-1	-1	-1	-1	-1	-1	-1	-1	
307	21	4	0	-1	-1	-1	-1	-1	-1	-1	
308	18	4	2	-1	-1	-1	-1	-1	-1	-1	
304	22	3	3	-1	-1	-1	-1	-1	-1	-1	
300	23	6	0	-1	-1	-1	-1	-1	-1	-1	
298	24	7	0	-1	-1	-1	-1	-1	-1	-1	
298	25	6	1	-1	-1	-1	-1	-1	-1	-1	
301	21	7	1	-1	-1	-1	-1	-1	-1	-1	
303	21	6	2	-1	-1	-1	-1	-1	-1	-1	
302	21	8	0	-1	-1	-1	-1	-1	-1	-1	
302	20	8	1	-1	-1	-1	-1	-1	-1	-1	
301	25	7	0	-1	-1	-1	-1	-1	-1	-1	
303	22	7	1	-1	-1	-1	-1	-1	-1	-1	
306	20	6	1	-1	-1	-1	-1	-1	-1	-1	
306	20	5	1	-1	-1	-1	-1	-1	-1	-1	
301	25	5	2	-1	-1	-1	-1	-1	-1	-1	
299	26	6	1	-1	-1	-1	-1	-1	-1	-1	
296	26	7	1	-1	-1	-1	-1	-1	-1	-1	
300	24	7	0	-1	-1	-1	-1	-1	-1	-1	
303	22	6	1	-1	-1	-1	-1	-1	-1	-1	
302	24	6	0	-1	-1	-1	-1	-1	-1	-1	
302	22	7	0	-1	-1	-1	-1	-1	-1	-1	
304	20	6	2	-1	-1	-1	-1	-1	-1	-1	
302	22	6	2	-1	-1	-1	-1	-1	-1	-1	
301	21	8	0	-1	-1	-1	-1	-1	-1	-1	
299	24	8	-1	-1	-1	-1	-1	-1	-1	-1	
302	23	6	1	-1	-1	-1	-1	-1	-1	-1	
302	22	6	1	-1	-1	-1	-1	-1	-1	-1	
303	21	6	2	-1	-1	-1	-1	-1	-1	-1	
299	26	5	2	-1	-1	-1	-1	-1	-1	-1	
298	26	7	1	-1	-1	-1	-1	-1	-1	-1	
299	26	6	1	-1	-1	-1	-1	-1	-1	-1	
299	25	7	1	-1	-1	-1	-1	-1	-1	-1	
300	25	6	1	-1	-1	-1	-1	-1	-1	-1	
298	26	5	2	-1	-1	-1	-1	-1	-1	-1	
301	24	4	3	-1	-1	-1	-1	-1	-1	-1	
297	28	5	1	-1	-1	-1	-1	-1	-1	-1	
300	26	5	1	-1	-1	-1	-1	-1	-1	-1	
305	21	5	3	-1	-1	-1	-1	-1	-1	-1	
304	22	6	0	-1	-1	-1	-1	-1	-1	-1	
303	21	5	4	-1	-1	-1	-1	-1	-1	-1	
298	26	5	2	-1	-1	-1	-1	-1	-1	-1	
297	27	6	1	-1	-1	-1	-1	-1	-1	-1	
298	26	6	1	-1	-1	-1	-1	-1	-1	-1	
296	27	6	1	-1	-1	-1	-1	-1	-1	-1	
299	24	5	2	-1	-1	-1	-1	-1	-1	-1	
294	30	4	0	-1	-1	-1	-1	-1	-1	-1	
298	26	4	1	-1	-1	-1	-1	-1	-1	-1	
309	19	5	-1	-1	-1	-1	-1	-1	-1	-1	
-1	-1	-1	-1	-1	-1	-1	-1	-1	-1	-1	
-1	-1	-1	-1	-1	-1	-1	-1	-1	-1	-1	
-1	-1	-1	-1	-1	-1	-1	-1	-1	-1	-1	
-1	-1	-1	-1	-1	-1	-1	-1	-1	-1	-1	
-1	-1	-1	-1	-1	-1	-1	-1	-1	-1	-1	
-1	-1	-1	-1	-1	-1	-1	-1	-1	-1	-1	
-1	-1	-1	-1	-1	-1	-1	-1	-1	-1	-1	
-1	-1	-1	-1	-1	-1	-1	-1	-1	-1	-1	
-1	-1	-1	-1	-1	-1	-1	-1	-1	-1	-1	
-1	-1	-1	-1	-1	-1	-1	-1	-1	-1	-1	
-1	-1	-1	-1	-1	-1	-1	-1	-1	-1	-1	
-1	-1	-1	-1	-1	-1	-1	-1	-1	-1	-1	
-1	-1	-1	-1	-1	-1	-1	-1	-1	-1	-1	
-1	-1	-1	-1	-1	-1	-1	-1	-1	-1	-1	
-1	-1	-1	-1	-1	-1	-1	-1	-1	-1	-1	
-1	-1	-1	-1	-1	-1	-1	-1	-1	-1	-1	
-1	-1	-1	-1	-1	-1	-1	-1	-1	-1	-1	
-1	-1	-1	-1	-1	-1	-1	-1	-1	-1	-1	
-1	-1	-1	-1	-1	-1	-1	-1	-1	-1	-1	
-1	-1	-1	-1	-1	-1	-1	-1	-1	-1	-1	
-1	-1	-1	-1	-1	-1	-1	-1	-1	-1	-1	
-1	-1	-1	-1	-1	-1	-1	-1	-1	-1	-1	
-1	-1	-1	-1	-1	-1	-1	-1	-1	-1	-1	
-1	-1	-1	-1	-1	-1	-1	-1	-1	-1	-1	
-1	-1	-1	-1	-1	-1	-1	-1	-1	-1	-1	
-1	-1	-1	-1	-1	-1	-1	-1	-1	-1	-1	
-1	-1	-1	-1	-1	-1	-1	-1	-1	-1	-1	
-1	-1	-1	-1	-1	-1	-1	-1	-1	-1	-1	
-1	-1	-1	-1	-1	-1	-1	-1	-1	-1	-1	
-1	-1	-1	-1	-1	-1	-1	-1	-1	-1	-1	
-1	-1	-1	-1	-1	-1	-1	-1	-1	-1	-1	
-1	-1	-1	-1	-1	-1	-1	-1	-1	-1	-1	
-1	-1	-1	-1	-1	-1	-1	-1	-1	-1	-1	
-1	-1	-1	-1	-1	-1	-1	-1	-1	-1	-1	
-1	-1	-1	-1	-1	-1	-1	-1	-1	-1	-1	
-1	-1	-1	-1	-1	-1	-1	-1	-1	-1	-1	
-1	-1	-1	-1	-1	-1	-1	-1	-1	-1	-1	
-1	-1	-1	-1	-1	-1	-1	-1	-1	-1	-1	
-1	-1	-1	-1	-1	-1	-1	-1	-1	-1	-1	
-1	-1	-1	-1	-1	-1	-1	-1	-1	-1	-1	
-1	-1	-1	-1	-1	-1	-1	-1	-1	-1	-1	
-1	-1	-1	-1	-1	-1	-1	-1	-1	-1	-1	
-1	-1	-1	-1	-1	-1	-1	-1	-1	-1	-1	
-1	-1	-1	-1	-1	-1	-1	-1	-1	-1	-1	
-1	-1	-1	-1	-1	-1	-1	-1	-1	-1	-1	
-1	-1	-1	-1	-1	-1	-1	-1	-1	-1	-1	
-1	-1	-1	-1	-1	-1	-1	-1	-1	-1	-1	
-1	-1	-1	-1	-1	-1	-1	-1	-1	-1	-1	
-1	-1	-1	-1	-1	-1	-1	-1	-1	-1	-1	
-1	-1	-1	-1	-1	-1	-1	-1	-1	-1	-1	
-1	-1	-1	-1	-1	-1	-1	-1	-1	-1	-1	
-1	-1	-1	-1	-1	-1	-1	-1	-1	-1	-1	
-1	-1	-1	-1	-1	-1	-1	-1	-1	-1	-1	
-1	-1	-1	-1	-1	-1	-1	-1	-1	-1	-1	
-1	-1	-1	-1	-1	-1	-1	-1	-1	-1	-1	
-1	-1	-1	-1	-1	-1	-1	-1	-1	-1	-1	
-1	-1	-1	-1	-1	-1	-1	-1	-1	-1	-1	
-------------------------Number of TCAM Overflow occurence-----------------
-1
-1
-1
-1
-1
-1
-1
-1
-1
-1
-1
-1
-1
-1
-1
-1
-1
-1
-1
-1
-1
-1
-1
-1
-1
-1
-1
-1
-1
-1
-1
-1
-1
-1
-1
-1
-1
-1
-1
-1
-1
-1
-1
-1
-1
-1
-1
-1
-1
-1
-1
-1
-1
-1
-1
-1
-1
-1
-1
-1
-1
-1
-1
-1
-1
-1
-1
-1
-1
-1
-1
-1
-1
-1
-1
-1
-1
-1
-1
-1
-1
-1
-1
-1
-1
-1
-1
-1
-1
-1
-1
-1
-1
-1
-1
-1
-1
-1
-1
-1
-1
-1
-1
-1
-1
-1
-1
-1
-1
-1
