-------------------------Distribution of TCAM Usage------------------------
252	-1	-1	-1	-1	-1	-1	-1	-1	-1	-1	
252	-1	-1	-1	-1	-1	-1	-1	-1	-1	-1	
241	10	-1	-1	-1	-1	-1	-1	-1	-1	-1	
211	40	-1	-1	-1	-1	-1	-1	-1	-1	-1	
180	70	0	-1	-1	-1	-1	-1	-1	-1	-1	
157	93	0	-1	-1	-1	-1	-1	-1	-1	-1	
139	109	2	-1	-1	-1	-1	-1	-1	-1	-1	
121	123	6	-1	-1	-1	-1	-1	-1	-1	-1	
112	131	7	-1	-1	-1	-1	-1	-1	-1	-1	
106	135	8	0	-1	-1	-1	-1	-1	-1	-1	
107	134	8	0	-1	-1	-1	-1	-1	-1	-1	
104	137	8	0	-1	-1	-1	-1	-1	-1	-1	
108	134	7	0	-1	-1	-1	-1	-1	-1	-1	
108	134	7	0	-1	-1	-1	-1	-1	-1	-1	
103	138	8	0	-1	-1	-1	-1	-1	-1	-1	
106	136	7	0	-1	-1	-1	-1	-1	-1	-1	
109	133	7	0	-1	-1	-1	-1	-1	-1	-1	
108	135	6	0	-1	-1	-1	-1	-1	-1	-1	
107	135	7	0	-1	-1	-1	-1	-1	-1	-1	
109	132	8	0	-1	-1	-1	-1	-1	-1	-1	
109	132	8	0	-1	-1	-1	-1	-1	-1	-1	
106	135	8	0	-1	-1	-1	-1	-1	-1	-1	
110	131	8	0	-1	-1	-1	-1	-1	-1	-1	
106	135	8	0	-1	-1	-1	-1	-1	-1	-1	
102	138	9	0	-1	-1	-1	-1	-1	-1	-1	
103	138	8	0	-1	-1	-1	-1	-1	-1	-1	
108	134	7	0	-1	-1	-1	-1	-1	-1	-1	
103	138	8	0	-1	-1	-1	-1	-1	-1	-1	
102	139	8	0	-1	-1	-1	-1	-1	-1	-1	
104	138	7	0	-1	-1	-1	-1	-1	-1	-1	
106	135	8	0	-1	-1	-1	-1	-1	-1	-1	
106	136	7	0	-1	-1	-1	-1	-1	-1	-1	
105	137	7	0	-1	-1	-1	-1	-1	-1	-1	
107	134	9	-1	-1	-1	-1	-1	-1	-1	-1	
109	132	8	0	-1	-1	-1	-1	-1	-1	-1	
106	136	7	0	-1	-1	-1	-1	-1	-1	-1	
106	136	7	0	-1	-1	-1	-1	-1	-1	-1	
107	135	7	0	-1	-1	-1	-1	-1	-1	-1	
106	136	7	0	-1	-1	-1	-1	-1	-1	-1	
104	138	7	0	-1	-1	-1	-1	-1	-1	-1	
104	138	7	0	-1	-1	-1	-1	-1	-1	-1	
102	139	8	0	-1	-1	-1	-1	-1	-1	-1	
102	140	7	0	-1	-1	-1	-1	-1	-1	-1	
107	135	7	0	-1	-1	-1	-1	-1	-1	-1	
103	139	8	-1	-1	-1	-1	-1	-1	-1	-1	
105	137	7	0	-1	-1	-1	-1	-1	-1	-1	
104	138	7	0	-1	-1	-1	-1	-1	-1	-1	
101	141	7	0	-1	-1	-1	-1	-1	-1	-1	
105	137	7	0	-1	-1	-1	-1	-1	-1	-1	
100	141	8	0	-1	-1	-1	-1	-1	-1	-1	
101	141	7	0	-1	-1	-1	-1	-1	-1	-1	
104	138	7	0	-1	-1	-1	-1	-1	-1	-1	
158	91	1	-1	-1	-1	-1	-1	-1	-1	-1	
-1	-1	-1	-1	-1	-1	-1	-1	-1	-1	-1	
-1	-1	-1	-1	-1	-1	-1	-1	-1	-1	-1	
-1	-1	-1	-1	-1	-1	-1	-1	-1	-1	-1	
-1	-1	-1	-1	-1	-1	-1	-1	-1	-1	-1	
-1	-1	-1	-1	-1	-1	-1	-1	-1	-1	-1	
-1	-1	-1	-1	-1	-1	-1	-1	-1	-1	-1	
-1	-1	-1	-1	-1	-1	-1	-1	-1	-1	-1	
-1	-1	-1	-1	-1	-1	-1	-1	-1	-1	-1	
-1	-1	-1	-1	-1	-1	-1	-1	-1	-1	-1	
-1	-1	-1	-1	-1	-1	-1	-1	-1	-1	-1	
-1	-1	-1	-1	-1	-1	-1	-1	-1	-1	-1	
-1	-1	-1	-1	-1	-1	-1	-1	-1	-1	-1	
-1	-1	-1	-1	-1	-1	-1	-1	-1	-1	-1	
-1	-1	-1	-1	-1	-1	-1	-1	-1	-1	-1	
-1	-1	-1	-1	-1	-1	-1	-1	-1	-1	-1	
-1	-1	-1	-1	-1	-1	-1	-1	-1	-1	-1	
-1	-1	-1	-1	-1	-1	-1	-1	-1	-1	-1	
-1	-1	-1	-1	-1	-1	-1	-1	-1	-1	-1	
-1	-1	-1	-1	-1	-1	-1	-1	-1	-1	-1	
-1	-1	-1	-1	-1	-1	-1	-1	-1	-1	-1	
-1	-1	-1	-1	-1	-1	-1	-1	-1	-1	-1	
-1	-1	-1	-1	-1	-1	-1	-1	-1	-1	-1	
-1	-1	-1	-1	-1	-1	-1	-1	-1	-1	-1	
-1	-1	-1	-1	-1	-1	-1	-1	-1	-1	-1	
-1	-1	-1	-1	-1	-1	-1	-1	-1	-1	-1	
-1	-1	-1	-1	-1	-1	-1	-1	-1	-1	-1	
-1	-1	-1	-1	-1	-1	-1	-1	-1	-1	-1	
-1	-1	-1	-1	-1	-1	-1	-1	-1	-1	-1	
-1	-1	-1	-1	-1	-1	-1	-1	-1	-1	-1	
-1	-1	-1	-1	-1	-1	-1	-1	-1	-1	-1	
-1	-1	-1	-1	-1	-1	-1	-1	-1	-1	-1	
-1	-1	-1	-1	-1	-1	-1	-1	-1	-1	-1	
-1	-1	-1	-1	-1	-1	-1	-1	-1	-1	-1	
-1	-1	-1	-1	-1	-1	-1	-1	-1	-1	-1	
-1	-1	-1	-1	-1	-1	-1	-1	-1	-1	-1	
-1	-1	-1	-1	-1	-1	-1	-1	-1	-1	-1	
-1	-1	-1	-1	-1	-1	-1	-1	-1	-1	-1	
-1	-1	-1	-1	-1	-1	-1	-1	-1	-1	-1	
-1	-1	-1	-1	-1	-1	-1	-1	-1	-1	-1	
-1	-1	-1	-1	-1	-1	-1	-1	-1	-1	-1	
-1	-1	-1	-1	-1	-1	-1	-1	-1	-1	-1	
-1	-1	-1	-1	-1	-1	-1	-1	-1	-1	-1	
-1	-1	-1	-1	-1	-1	-1	-1	-1	-1	-1	
-1	-1	-1	-1	-1	-1	-1	-1	-1	-1	-1	
-1	-1	-1	-1	-1	-1	-1	-1	-1	-1	-1	
-1	-1	-1	-1	-1	-1	-1	-1	-1	-1	-1	
-1	-1	-1	-1	-1	-1	-1	-1	-1	-1	-1	
-1	-1	-1	-1	-1	-1	-1	-1	-1	-1	-1	
-1	-1	-1	-1	-1	-1	-1	-1	-1	-1	-1	
-1	-1	-1	-1	-1	-1	-1	-1	-1	-1	-1	
-1	-1	-1	-1	-1	-1	-1	-1	-1	-1	-1	
-1	-1	-1	-1	-1	-1	-1	-1	-1	-1	-1	
-1	-1	-1	-1	-1	-1	-1	-1	-1	-1	-1	
-1	-1	-1	-1	-1	-1	-1	-1	-1	-1	-1	
-1	-1	-1	-1	-1	-1	-1	-1	-1	-1	-1	
-1	-1	-1	-1	-1	-1	-1	-1	-1	-1	-1	
-1	-1	-1	-1	-1	-1	-1	-1	-1	-1	-1	
-------------------------Number of TCAM Overflow occurence-----------------
-1
-1
-1
-1
-1
-1
-1
-1
-1
-1
-1
-1
-1
-1
-1
-1
-1
-1
-1
-1
-1
-1
-1
-1
-1
-1
-1
-1
-1
-1
-1
-1
-1
-1
-1
-1
-1
-1
-1
-1
-1
-1
-1
-1
-1
-1
-1
-1
-1
-1
-1
-1
-1
-1
-1
-1
-1
-1
-1
-1
-1
-1
-1
-1
-1
-1
-1
-1
-1
-1
-1
-1
-1
-1
-1
-1
-1
-1
-1
-1
-1
-1
-1
-1
-1
-1
-1
-1
-1
-1
-1
-1
-1
-1
-1
-1
-1
-1
-1
-1
-1
-1
-1
-1
-1
-1
-1
-1
-1
-1
