-------------------------Distribution of TCAM Usage------------------------
336	1	1	-1	-1	-1	-1	-1	-1	-1	-1	
334	3	0	-1	-1	-1	-1	-1	-1	-1	-1	
327	7	2	-1	-1	-1	-1	-1	-1	-1	-1	
323	11	0	1	-1	-1	-1	-1	-1	-1	-1	
321	13	1	-1	-1	-1	-1	-1	-1	-1	-1	
315	18	1	0	-1	-1	-1	-1	-1	-1	-1	
312	17	4	-1	-1	-1	-1	-1	-1	-1	-1	
311	17	5	-1	-1	-1	-1	-1	-1	-1	-1	
310	17	6	-1	-1	-1	-1	-1	-1	-1	-1	
308	19	6	-1	-1	-1	-1	-1	-1	-1	-1	
312	16	6	-1	-1	-1	-1	-1	-1	-1	-1	
311	17	6	-1	-1	-1	-1	-1	-1	-1	-1	
311	18	5	-1	-1	-1	-1	-1	-1	-1	-1	
310	18	5	-1	-1	-1	-1	-1	-1	-1	-1	
312	17	4	-1	-1	-1	-1	-1	-1	-1	-1	
311	19	4	-1	-1	-1	-1	-1	-1	-1	-1	
310	22	1	0	-1	-1	-1	-1	-1	-1	-1	
311	21	1	0	-1	-1	-1	-1	-1	-1	-1	
311	20	3	-1	-1	-1	-1	-1	-1	-1	-1	
311	20	2	0	-1	-1	-1	-1	-1	-1	-1	
312	19	4	-1	-1	-1	-1	-1	-1	-1	-1	
312	19	4	-1	-1	-1	-1	-1	-1	-1	-1	
312	18	5	-1	-1	-1	-1	-1	-1	-1	-1	
313	17	5	-1	-1	-1	-1	-1	-1	-1	-1	
310	20	5	-1	-1	-1	-1	-1	-1	-1	-1	
311	17	6	-1	-1	-1	-1	-1	-1	-1	-1	
310	17	6	-1	-1	-1	-1	-1	-1	-1	-1	
310	17	5	-1	-1	-1	-1	-1	-1	-1	-1	
310	18	5	-1	-1	-1	-1	-1	-1	-1	-1	
309	19	5	-1	-1	-1	-1	-1	-1	-1	-1	
309	20	4	-1	-1	-1	-1	-1	-1	-1	-1	
309	20	4	-1	-1	-1	-1	-1	-1	-1	-1	
309	17	7	-1	-1	-1	-1	-1	-1	-1	-1	
311	17	6	-1	-1	-1	-1	-1	-1	-1	-1	
310	18	6	-1	-1	-1	-1	-1	-1	-1	-1	
312	18	5	-1	-1	-1	-1	-1	-1	-1	-1	
312	18	5	-1	-1	-1	-1	-1	-1	-1	-1	
311	19	4	0	-1	-1	-1	-1	-1	-1	-1	
312	18	3	1	-1	-1	-1	-1	-1	-1	-1	
312	19	3	0	-1	-1	-1	-1	-1	-1	-1	
312	19	2	1	-1	-1	-1	-1	-1	-1	-1	
313	17	4	-1	-1	-1	-1	-1	-1	-1	-1	
314	17	4	-1	-1	-1	-1	-1	-1	-1	-1	
314	17	4	-1	-1	-1	-1	-1	-1	-1	-1	
314	16	5	-1	-1	-1	-1	-1	-1	-1	-1	
313	17	5	-1	-1	-1	-1	-1	-1	-1	-1	
313	17	5	-1	-1	-1	-1	-1	-1	-1	-1	
311	20	4	-1	-1	-1	-1	-1	-1	-1	-1	
309	21	4	-1	-1	-1	-1	-1	-1	-1	-1	
309	19	5	-1	-1	-1	-1	-1	-1	-1	-1	
309	19	4	0	-1	-1	-1	-1	-1	-1	-1	
311	19	4	0	-1	-1	-1	-1	-1	-1	-1	
320	12	2	-1	-1	-1	-1	-1	-1	-1	-1	
-1	-1	-1	-1	-1	-1	-1	-1	-1	-1	-1	
-1	-1	-1	-1	-1	-1	-1	-1	-1	-1	-1	
-1	-1	-1	-1	-1	-1	-1	-1	-1	-1	-1	
-1	-1	-1	-1	-1	-1	-1	-1	-1	-1	-1	
-1	-1	-1	-1	-1	-1	-1	-1	-1	-1	-1	
-1	-1	-1	-1	-1	-1	-1	-1	-1	-1	-1	
-1	-1	-1	-1	-1	-1	-1	-1	-1	-1	-1	
-1	-1	-1	-1	-1	-1	-1	-1	-1	-1	-1	
-1	-1	-1	-1	-1	-1	-1	-1	-1	-1	-1	
-1	-1	-1	-1	-1	-1	-1	-1	-1	-1	-1	
-1	-1	-1	-1	-1	-1	-1	-1	-1	-1	-1	
-1	-1	-1	-1	-1	-1	-1	-1	-1	-1	-1	
-1	-1	-1	-1	-1	-1	-1	-1	-1	-1	-1	
-1	-1	-1	-1	-1	-1	-1	-1	-1	-1	-1	
-1	-1	-1	-1	-1	-1	-1	-1	-1	-1	-1	
-1	-1	-1	-1	-1	-1	-1	-1	-1	-1	-1	
-1	-1	-1	-1	-1	-1	-1	-1	-1	-1	-1	
-1	-1	-1	-1	-1	-1	-1	-1	-1	-1	-1	
-1	-1	-1	-1	-1	-1	-1	-1	-1	-1	-1	
-1	-1	-1	-1	-1	-1	-1	-1	-1	-1	-1	
-1	-1	-1	-1	-1	-1	-1	-1	-1	-1	-1	
-1	-1	-1	-1	-1	-1	-1	-1	-1	-1	-1	
-1	-1	-1	-1	-1	-1	-1	-1	-1	-1	-1	
-1	-1	-1	-1	-1	-1	-1	-1	-1	-1	-1	
-1	-1	-1	-1	-1	-1	-1	-1	-1	-1	-1	
-1	-1	-1	-1	-1	-1	-1	-1	-1	-1	-1	
-1	-1	-1	-1	-1	-1	-1	-1	-1	-1	-1	
-1	-1	-1	-1	-1	-1	-1	-1	-1	-1	-1	
-1	-1	-1	-1	-1	-1	-1	-1	-1	-1	-1	
-1	-1	-1	-1	-1	-1	-1	-1	-1	-1	-1	
-1	-1	-1	-1	-1	-1	-1	-1	-1	-1	-1	
-1	-1	-1	-1	-1	-1	-1	-1	-1	-1	-1	
-1	-1	-1	-1	-1	-1	-1	-1	-1	-1	-1	
-1	-1	-1	-1	-1	-1	-1	-1	-1	-1	-1	
-1	-1	-1	-1	-1	-1	-1	-1	-1	-1	-1	
-1	-1	-1	-1	-1	-1	-1	-1	-1	-1	-1	
-1	-1	-1	-1	-1	-1	-1	-1	-1	-1	-1	
-1	-1	-1	-1	-1	-1	-1	-1	-1	-1	-1	
-1	-1	-1	-1	-1	-1	-1	-1	-1	-1	-1	
-1	-1	-1	-1	-1	-1	-1	-1	-1	-1	-1	
-1	-1	-1	-1	-1	-1	-1	-1	-1	-1	-1	
-1	-1	-1	-1	-1	-1	-1	-1	-1	-1	-1	
-1	-1	-1	-1	-1	-1	-1	-1	-1	-1	-1	
-1	-1	-1	-1	-1	-1	-1	-1	-1	-1	-1	
-1	-1	-1	-1	-1	-1	-1	-1	-1	-1	-1	
-1	-1	-1	-1	-1	-1	-1	-1	-1	-1	-1	
-1	-1	-1	-1	-1	-1	-1	-1	-1	-1	-1	
-1	-1	-1	-1	-1	-1	-1	-1	-1	-1	-1	
-1	-1	-1	-1	-1	-1	-1	-1	-1	-1	-1	
-1	-1	-1	-1	-1	-1	-1	-1	-1	-1	-1	
-1	-1	-1	-1	-1	-1	-1	-1	-1	-1	-1	
-1	-1	-1	-1	-1	-1	-1	-1	-1	-1	-1	
-1	-1	-1	-1	-1	-1	-1	-1	-1	-1	-1	
-1	-1	-1	-1	-1	-1	-1	-1	-1	-1	-1	
-1	-1	-1	-1	-1	-1	-1	-1	-1	-1	-1	
-1	-1	-1	-1	-1	-1	-1	-1	-1	-1	-1	
-1	-1	-1	-1	-1	-1	-1	-1	-1	-1	-1	
-------------------------Number of TCAM Overflow occurence-----------------
-1
-1
-1
-1
-1
-1
-1
-1
-1
-1
-1
-1
-1
-1
-1
-1
-1
-1
-1
-1
-1
-1
-1
-1
-1
-1
-1
-1
-1
-1
-1
-1
-1
-1
-1
-1
-1
-1
-1
-1
-1
-1
-1
-1
-1
-1
-1
-1
-1
-1
-1
-1
-1
-1
-1
-1
-1
-1
-1
-1
-1
-1
-1
-1
-1
-1
-1
-1
-1
-1
-1
-1
-1
-1
-1
-1
-1
-1
-1
-1
-1
-1
-1
-1
-1
-1
-1
-1
-1
-1
-1
-1
-1
-1
-1
-1
-1
-1
-1
-1
-1
-1
-1
-1
-1
-1
-1
-1
-1
-1
