-------------------------Distribution of TCAM Usage------------------------
296	1	0	1	0	0	0	0	0	0	0	
322	2	1	1	0	0	0	0	0	0	0	
328	3	1	1	0	1	0	0	0	0	0	
328	5	1	1	0	0	0	1	0	0	0	
329	6	2	1	0	0	0	0	0	1	0	
332	5	1	1	1	0	0	0	0	0	1	
329	6	3	0	1	0	0	0	0	0	1	
330	4	4	1	1	0	0	0	0	1	0	
330	5	4	1	1	0	0	0	0	0	1	
333	6	1	1	0	1	0	0	0	0	0	
335	2	3	1	2	0	0	0	0	0	1	
333	6	0	2	1	0	0	0	0	0	1	
331	6	0	3	0	1	0	0	0	1	0	
331	5	0	3	0	0	1	0	0	0	0	
329	5	2	1	0	0	1	0	0	0	0	
331	5	3	1	0	0	0	1	0	0	0	
330	6	1	1	1	0	0	1	0	0	0	
330	6	1	1	1	0	0	1	0	0	1	
330	5	1	1	0	1	1	0	0	0	0	
331	4	2	1	0	2	0	0	0	0	1	
327	7	2	1	1	1	0	0	0	1	0	
329	4	2	1	1	1	0	0	0	0	1	
328	6	2	2	0	0	0	1	0	1	0	
328	6	2	2	0	0	0	1	0	0	1	
328	5	3	1	1	0	1	0	0	1	0	
329	7	1	1	1	0	1	0	0	0	1	
331	5	1	2	0	0	1	0	0	0	0	
331	5	1	1	1	0	1	0	0	0	0	
333	4	1	1	1	0	1	0	0	0	0	
333	5	1	2	0	1	0	0	0	0	1	
333	5	1	1	1	1	0	0	0	0	1	
332	6	1	1	2	0	0	0	0	0	1	
331	7	1	2	1	0	0	0	0	0	1	
330	7	1	1	1	1	0	0	0	0	1	
329	8	1	1	0	2	0	0	0	1	0	
333	5	1	1	0	2	0	0	0	1	0	
332	6	1	1	1	1	0	1	0	0	0	
333	5	1	1	0	2	0	0	1	0	0	
331	5	2	0	1	1	0	0	0	0	0	
330	6	1	1	1	1	0	0	0	0	1	
329	5	2	1	2	0	0	0	0	0	0	
330	7	1	1	2	0	0	0	0	0	0	
330	8	0	1	2	0	0	0	0	0	0	
328	10	0	2	1	0	0	0	0	0	0	
329	9	0	2	0	1	0	0	0	0	0	
329	6	2	2	1	0	0	0	0	0	0	
328	7	3	0	1	1	0	0	0	0	0	
327	6	2	2	2	0	0	0	0	0	0	
327	6	3	1	1	1	0	0	0	0	0	
329	5	2	2	2	0	0	0	0	0	0	
330	6	1	2	1	1	0	0	0	0	0	
332	5	1	2	1	1	0	0	0	0	0	
335	2	3	1	1	0	0	0	1	0	0	
0	0	0	0	0	0	0	0	0	0	0	
0	0	0	0	0	0	0	0	0	0	0	
0	0	0	0	0	0	0	0	0	0	0	
0	0	0	0	0	0	0	0	0	0	0	
0	0	0	0	0	0	0	0	0	0	0	
0	0	0	0	0	0	0	0	0	0	0	
0	0	0	0	0	0	0	0	0	0	0	
0	0	0	0	0	0	0	0	0	0	0	
0	0	0	0	0	0	0	0	0	0	0	
0	0	0	0	0	0	0	0	0	0	0	
0	0	0	0	0	0	0	0	0	0	0	
0	0	0	0	0	0	0	0	0	0	0	
0	0	0	0	0	0	0	0	0	0	0	
0	0	0	0	0	0	0	0	0	0	0	
0	0	0	0	0	0	0	0	0	0	0	
0	0	0	0	0	0	0	0	0	0	0	
0	0	0	0	0	0	0	0	0	0	0	
0	0	0	0	0	0	0	0	0	0	0	
0	0	0	0	0	0	0	0	0	0	0	
0	0	0	0	0	0	0	0	0	0	0	
0	0	0	0	0	0	0	0	0	0	0	
0	0	0	0	0	0	0	0	0	0	0	
0	0	0	0	0	0	0	0	0	0	0	
0	0	0	0	0	0	0	0	0	0	0	
0	0	0	0	0	0	0	0	0	0	0	
0	0	0	0	0	0	0	0	0	0	0	
0	0	0	0	0	0	0	0	0	0	0	
0	0	0	0	0	0	0	0	0	0	0	
0	0	0	0	0	0	0	0	0	0	0	
0	0	0	0	0	0	0	0	0	0	0	
0	0	0	0	0	0	0	0	0	0	0	
0	0	0	0	0	0	0	0	0	0	0	
0	0	0	0	0	0	0	0	0	0	0	
0	0	0	0	0	0	0	0	0	0	0	
0	0	0	0	0	0	0	0	0	0	0	
0	0	0	0	0	0	0	0	0	0	0	
0	0	0	0	0	0	0	0	0	0	0	
0	0	0	0	0	0	0	0	0	0	0	
0	0	0	0	0	0	0	0	0	0	0	
0	0	0	0	0	0	0	0	0	0	0	
0	0	0	0	0	0	0	0	0	0	0	
0	0	0	0	0	0	0	0	0	0	0	
0	0	0	0	0	0	0	0	0	0	0	
0	0	0	0	0	0	0	0	0	0	0	
0	0	0	0	0	0	0	0	0	0	0	
0	0	0	0	0	0	0	0	0	0	0	
0	0	0	0	0	0	0	0	0	0	0	
0	0	0	0	0	0	0	0	0	0	0	
0	0	0	0	0	0	0	0	0	0	0	
0	0	0	0	0	0	0	0	0	0	0	
0	0	0	0	0	0	0	0	0	0	0	
0	0	0	0	0	0	0	0	0	0	0	
0	0	0	0	0	0	0	0	0	0	0	
0	0	0	0	0	0	0	0	0	0	0	
0	0	0	0	0	0	0	0	0	0	0	
0	0	0	0	0	0	0	0	0	0	0	
0	0	0	0	0	0	0	0	0	0	0	
-------------------------Number of TCAM Overflow occurence-----------------
0
0
0
0
0
0
0
0
0
0
0
0
0
0
0
0
0
0
0
0
0
0
0
0
0
0
0
0
0
0
0
0
0
0
0
0
0
0
0
0
0
0
0
0
0
0
0
0
0
0
0
0
0
0
0
0
0
0
0
0
0
0
0
0
0
0
0
0
0
0
0
0
0
0
0
0
0
0
0
0
0
0
0
0
0
0
0
0
0
0
0
0
0
0
0
0
0
0
0
0
0
0
0
0
0
0
0
0
0
0
