-------------------------Distribution of TCAM Usage------------------------
322	1	-1	-1	-1	-1	-1	-1	-1	-1	-1	
332	0	0	-1	-1	-1	-1	-1	-1	-1	-1	
334	1	-1	-1	-1	-1	-1	-1	-1	-1	-1	
334	1	0	-1	-1	-1	-1	-1	-1	-1	-1	
335	1	1	-1	-1	-1	-1	-1	-1	-1	-1	
334	2	0	0	-1	-1	-1	-1	-1	-1	-1	
334	3	0	0	-1	-1	-1	-1	-1	-1	-1	
335	2	1	0	-1	-1	-1	-1	-1	-1	-1	
334	3	-1	1	-1	-1	-1	-1	-1	-1	-1	
333	4	-1	0	-1	-1	-1	-1	-1	-1	-1	
333	4	-1	0	-1	-1	-1	-1	-1	-1	-1	
335	3	-1	0	-1	-1	-1	-1	-1	-1	-1	
334	3	-1	0	-1	-1	-1	-1	-1	-1	-1	
335	2	-1	0	-1	-1	-1	-1	-1	-1	-1	
333	4	-1	1	-1	-1	-1	-1	-1	-1	-1	
334	3	0	0	-1	-1	-1	-1	-1	-1	-1	
334	3	-1	1	-1	-1	-1	-1	-1	-1	-1	
334	3	0	-1	-1	-1	-1	-1	-1	-1	-1	
334	3	-1	0	-1	-1	-1	-1	-1	-1	-1	
335	2	-1	0	-1	-1	-1	-1	-1	-1	-1	
333	3	0	-1	-1	-1	-1	-1	-1	-1	-1	
333	3	-1	0	-1	-1	-1	-1	-1	-1	-1	
333	3	0	0	-1	-1	-1	-1	-1	-1	-1	
332	3	-1	1	-1	-1	-1	-1	-1	-1	-1	
332	3	1	-1	-1	-1	-1	-1	-1	-1	-1	
332	3	1	-1	-1	-1	-1	-1	-1	-1	-1	
333	3	1	-1	-1	-1	-1	-1	-1	-1	-1	
333	3	1	-1	-1	-1	-1	-1	-1	-1	-1	
333	4	0	-1	-1	-1	-1	-1	-1	-1	-1	
333	4	0	-1	-1	-1	-1	-1	-1	-1	-1	
333	4	0	-1	-1	-1	-1	-1	-1	-1	-1	
334	4	-1	0	-1	-1	-1	-1	-1	-1	-1	
334	4	-1	0	-1	-1	-1	-1	-1	-1	-1	
334	3	-1	0	-1	-1	-1	-1	-1	-1	-1	
334	3	-1	0	-1	-1	-1	-1	-1	-1	-1	
333	4	-1	0	-1	-1	-1	-1	-1	-1	-1	
334	4	-1	-1	-1	-1	-1	-1	-1	-1	-1	
335	4	-1	-1	-1	-1	-1	-1	-1	-1	-1	
335	3	-1	-1	-1	-1	-1	-1	-1	-1	-1	
334	4	-1	-1	-1	-1	-1	-1	-1	-1	-1	
334	4	-1	0	-1	-1	-1	-1	-1	-1	-1	
334	3	-1	-1	-1	-1	-1	-1	-1	-1	-1	
334	2	-1	0	-1	-1	-1	-1	-1	-1	-1	
333	4	-1	-1	-1	-1	-1	-1	-1	-1	-1	
334	4	-1	-1	-1	-1	-1	-1	-1	-1	-1	
335	3	-1	0	-1	-1	-1	-1	-1	-1	-1	
333	4	-1	0	-1	-1	-1	-1	-1	-1	-1	
334	4	0	-1	-1	-1	-1	-1	-1	-1	-1	
336	3	0	-1	-1	-1	-1	-1	-1	-1	-1	
335	4	0	-1	-1	-1	-1	-1	-1	-1	-1	
334	5	-1	0	-1	-1	-1	-1	-1	-1	-1	
335	4	0	-1	-1	-1	-1	-1	-1	-1	-1	
334	4	1	-1	-1	-1	-1	-1	-1	-1	-1	
-1	-1	-1	-1	-1	-1	-1	-1	-1	-1	-1	
-1	-1	-1	-1	-1	-1	-1	-1	-1	-1	-1	
-1	-1	-1	-1	-1	-1	-1	-1	-1	-1	-1	
-1	-1	-1	-1	-1	-1	-1	-1	-1	-1	-1	
-1	-1	-1	-1	-1	-1	-1	-1	-1	-1	-1	
-1	-1	-1	-1	-1	-1	-1	-1	-1	-1	-1	
-1	-1	-1	-1	-1	-1	-1	-1	-1	-1	-1	
-1	-1	-1	-1	-1	-1	-1	-1	-1	-1	-1	
-1	-1	-1	-1	-1	-1	-1	-1	-1	-1	-1	
-1	-1	-1	-1	-1	-1	-1	-1	-1	-1	-1	
-1	-1	-1	-1	-1	-1	-1	-1	-1	-1	-1	
-1	-1	-1	-1	-1	-1	-1	-1	-1	-1	-1	
-1	-1	-1	-1	-1	-1	-1	-1	-1	-1	-1	
-1	-1	-1	-1	-1	-1	-1	-1	-1	-1	-1	
-1	-1	-1	-1	-1	-1	-1	-1	-1	-1	-1	
-1	-1	-1	-1	-1	-1	-1	-1	-1	-1	-1	
-1	-1	-1	-1	-1	-1	-1	-1	-1	-1	-1	
-1	-1	-1	-1	-1	-1	-1	-1	-1	-1	-1	
-1	-1	-1	-1	-1	-1	-1	-1	-1	-1	-1	
-1	-1	-1	-1	-1	-1	-1	-1	-1	-1	-1	
-1	-1	-1	-1	-1	-1	-1	-1	-1	-1	-1	
-1	-1	-1	-1	-1	-1	-1	-1	-1	-1	-1	
-1	-1	-1	-1	-1	-1	-1	-1	-1	-1	-1	
-1	-1	-1	-1	-1	-1	-1	-1	-1	-1	-1	
-1	-1	-1	-1	-1	-1	-1	-1	-1	-1	-1	
-1	-1	-1	-1	-1	-1	-1	-1	-1	-1	-1	
-1	-1	-1	-1	-1	-1	-1	-1	-1	-1	-1	
-1	-1	-1	-1	-1	-1	-1	-1	-1	-1	-1	
-1	-1	-1	-1	-1	-1	-1	-1	-1	-1	-1	
-1	-1	-1	-1	-1	-1	-1	-1	-1	-1	-1	
-1	-1	-1	-1	-1	-1	-1	-1	-1	-1	-1	
-1	-1	-1	-1	-1	-1	-1	-1	-1	-1	-1	
-1	-1	-1	-1	-1	-1	-1	-1	-1	-1	-1	
-1	-1	-1	-1	-1	-1	-1	-1	-1	-1	-1	
-1	-1	-1	-1	-1	-1	-1	-1	-1	-1	-1	
-1	-1	-1	-1	-1	-1	-1	-1	-1	-1	-1	
-1	-1	-1	-1	-1	-1	-1	-1	-1	-1	-1	
-1	-1	-1	-1	-1	-1	-1	-1	-1	-1	-1	
-1	-1	-1	-1	-1	-1	-1	-1	-1	-1	-1	
-1	-1	-1	-1	-1	-1	-1	-1	-1	-1	-1	
-1	-1	-1	-1	-1	-1	-1	-1	-1	-1	-1	
-1	-1	-1	-1	-1	-1	-1	-1	-1	-1	-1	
-1	-1	-1	-1	-1	-1	-1	-1	-1	-1	-1	
-1	-1	-1	-1	-1	-1	-1	-1	-1	-1	-1	
-1	-1	-1	-1	-1	-1	-1	-1	-1	-1	-1	
-1	-1	-1	-1	-1	-1	-1	-1	-1	-1	-1	
-1	-1	-1	-1	-1	-1	-1	-1	-1	-1	-1	
-1	-1	-1	-1	-1	-1	-1	-1	-1	-1	-1	
-1	-1	-1	-1	-1	-1	-1	-1	-1	-1	-1	
-1	-1	-1	-1	-1	-1	-1	-1	-1	-1	-1	
-1	-1	-1	-1	-1	-1	-1	-1	-1	-1	-1	
-1	-1	-1	-1	-1	-1	-1	-1	-1	-1	-1	
-1	-1	-1	-1	-1	-1	-1	-1	-1	-1	-1	
-1	-1	-1	-1	-1	-1	-1	-1	-1	-1	-1	
-1	-1	-1	-1	-1	-1	-1	-1	-1	-1	-1	
-1	-1	-1	-1	-1	-1	-1	-1	-1	-1	-1	
-1	-1	-1	-1	-1	-1	-1	-1	-1	-1	-1	
-------------------------Number of TCAM Overflow occurence-----------------
-1
-1
-1
-1
-1
-1
-1
-1
-1
-1
-1
-1
-1
-1
-1
-1
-1
-1
-1
-1
-1
-1
-1
-1
-1
-1
-1
-1
-1
-1
-1
-1
-1
-1
-1
-1
-1
-1
-1
-1
-1
-1
-1
-1
-1
-1
-1
-1
-1
-1
-1
-1
-1
-1
-1
-1
-1
-1
-1
-1
-1
-1
-1
-1
-1
-1
-1
-1
-1
-1
-1
-1
-1
-1
-1
-1
-1
-1
-1
-1
-1
-1
-1
-1
-1
-1
-1
-1
-1
-1
-1
-1
-1
-1
-1
-1
-1
-1
-1
-1
-1
-1
-1
-1
-1
-1
-1
-1
-1
-1
