-------------------------Distribution of TCAM Usage------------------------
322	1	0	1	1	0	0	0	0	0	0	
326	5	1	1	1	0	0	1	0	0	0	
326	7	2	1	0	0	1	0	0	0	1	
322	10	3	1	0	0	1	1	0	0	0	
318	16	3	1	1	0	0	2	0	0	0	
314	17	4	0	4	0	0	0	1	1	0	
314	16	5	1	3	1	0	0	1	1	0	
314	15	7	0	3	1	0	1	1	1	0	
311	19	4	2	2	0	1	1	0	2	0	
310	20	4	2	2	0	1	1	0	1	1	
313	18	3	3	1	1	0	0	1	1	1	
313	20	2	3	1	1	0	0	0	1	2	
310	22	3	2	1	0	1	0	0	1	2	
310	21	5	2	0	1	0	0	0	1	1	
314	18	3	3	1	1	0	0	0	2	0	
311	21	3	3	1	1	0	0	1	1	0	
312	18	5	3	1	1	0	0	0	2	0	
310	19	5	4	1	1	0	0	1	0	1	
314	15	5	4	2	0	0	0	0	1	0	
316	14	5	4	1	1	0	0	0	1	0	
318	14	3	2	1	2	0	0	1	0	1	
314	15	5	3	1	1	0	0	0	1	1	
312	17	5	3	0	2	0	0	1	1	0	
314	15	5	2	0	2	0	0	0	2	1	
312	16	5	2	0	2	0	0	2	0	1	
313	14	6	2	0	1	1	1	1	0	0	
315	15	5	2	0	2	0	0	2	0	0	
315	14	5	3	0	1	1	0	2	0	0	
316	16	3	2	1	2	0	1	0	0	1	
318	13	4	3	1	1	0	0	1	0	0	
317	17	2	3	1	1	0	0	1	0	0	
317	17	3	2	2	1	0	0	0	1	1	
319	13	4	3	1	0	1	0	0	2	0	
317	15	3	3	1	0	1	0	0	2	0	
316	15	5	2	1	0	1	0	0	1	1	
318	13	4	3	1	1	0	0	0	1	1	
318	14	4	3	1	1	0	0	0	1	1	
319	14	3	4	2	0	0	0	0	1	1	
317	15	4	3	2	0	0	1	0	0	1	
316	16	4	3	1	1	0	0	0	1	1	
318	15	3	4	0	1	0	0	1	1	0	
317	14	4	4	0	1	0	0	1	0	1	
315	14	6	3	0	1	1	0	0	1	0	
318	14	3	3	1	1	0	0	0	1	1	
318	15	3	2	2	0	1	1	0	0	1	
317	17	3	1	2	0	2	0	0	1	1	
315	16	3	2	1	1	1	0	0	1	1	
317	16	3	2	1	2	0	0	1	0	2	
317	16	3	2	1	2	0	0	1	1	1	
317	16	2	3	2	1	0	0	1	0	1	
317	16	3	2	4	0	0	0	0	1	1	
318	16	1	2	3	2	0	0	1	0	1	
321	14	1	2	3	0	0	1	1	0	1	
0	0	0	0	0	0	0	1	0	0	0	
0	0	0	0	0	0	0	0	0	0	0	
0	0	0	0	0	0	0	0	0	0	0	
0	0	0	0	0	0	0	0	0	0	0	
0	0	0	0	0	0	0	0	0	0	0	
0	0	0	0	0	0	0	0	0	0	0	
0	0	0	0	0	0	0	0	0	0	0	
0	0	0	0	0	0	0	0	0	0	0	
0	0	0	0	0	0	0	0	0	0	0	
0	0	0	0	0	0	0	0	0	0	0	
0	0	0	0	0	0	0	0	0	0	0	
0	0	0	0	0	0	0	0	0	0	0	
0	0	0	0	0	0	0	0	0	0	0	
0	0	0	0	0	0	0	0	0	0	0	
0	0	0	0	0	0	0	0	0	0	0	
0	0	0	0	0	0	0	0	0	0	0	
0	0	0	0	0	0	0	0	0	0	0	
0	0	0	0	0	0	0	0	0	0	0	
0	0	0	0	0	0	0	0	0	0	0	
0	0	0	0	0	0	0	0	0	0	0	
0	0	0	0	0	0	0	0	0	0	0	
0	0	0	0	0	0	0	0	0	0	0	
0	0	0	0	0	0	0	0	0	0	0	
0	0	0	0	0	0	0	0	0	0	0	
0	0	0	0	0	0	0	0	0	0	0	
0	0	0	0	0	0	0	0	0	0	0	
0	0	0	0	0	0	0	0	0	0	0	
0	0	0	0	0	0	0	0	0	0	0	
0	0	0	0	0	0	0	0	0	0	0	
0	0	0	0	0	0	0	0	0	0	0	
0	0	0	0	0	0	0	0	0	0	0	
0	0	0	0	0	0	0	0	0	0	0	
0	0	0	0	0	0	0	0	0	0	0	
0	0	0	0	0	0	0	0	0	0	0	
0	0	0	0	0	0	0	0	0	0	0	
0	0	0	0	0	0	0	0	0	0	0	
0	0	0	0	0	0	0	0	0	0	0	
0	0	0	0	0	0	0	0	0	0	0	
0	0	0	0	0	0	0	0	0	0	0	
0	0	0	0	0	0	0	0	0	0	0	
0	0	0	0	0	0	0	0	0	0	0	
0	0	0	0	0	0	0	0	0	0	0	
0	0	0	0	0	0	0	0	0	0	0	
0	0	0	0	0	0	0	0	0	0	0	
0	0	0	0	0	0	0	0	0	0	0	
0	0	0	0	0	0	0	0	0	0	0	
0	0	0	0	0	0	0	0	0	0	0	
0	0	0	0	0	0	0	0	0	0	0	
0	0	0	0	0	0	0	0	0	0	0	
0	0	0	0	0	0	0	0	0	0	0	
0	0	0	0	0	0	0	0	0	0	0	
0	0	0	0	0	0	0	0	0	0	0	
0	0	0	0	0	0	0	0	0	0	0	
0	0	0	0	0	0	0	0	0	0	0	
0	0	0	0	0	0	0	0	0	0	0	
0	0	0	0	0	0	0	0	0	0	0	
0	0	0	0	0	0	0	0	0	0	0	
-------------------------Number of TCAM Overflow occurence-----------------
0
0
0
0
0
0
0
0
0
0
0
0
0
0
0
0
0
0
0
0
0
0
0
0
0
0
0
0
0
0
0
0
0
0
0
0
0
0
0
0
0
0
0
0
0
0
0
0
0
0
0
0
0
0
0
0
0
0
0
0
0
0
0
0
0
0
0
0
0
0
0
0
0
0
0
0
0
0
0
0
0
0
0
0
0
0
0
0
0
0
0
0
0
0
0
0
0
0
0
0
0
0
0
0
0
0
0
0
0
0
