-------------------------Distribution of TCAM Usage------------------------
480	19	2	0	0	1	0	-1	-1	-1	2	
426	52	10	7	2	0	0	0	-1	-1	6	
320	136	21	6	6	5	1	-1	-1	1	7	
231	171	59	14	7	2	3	5	-1	1	9	
185	159	91	28	11	4	3	3	2	3	12	
174	122	98	52	17	9	3	4	1	4	17	
173	66	108	71	33	11	9	2	4	1	23	
173	37	100	73	50	23	6	6	3	3	27	
173	16	82	75	53	40	16	6	4	5	31	
172	1	62	88	53	37	33	9	6	3	37	
171	1	45	71	56	47	34	23	6	6	41	
170	2	24	59	67	46	34	35	10	7	47	
170	2	9	50	63	45	42	32	30	5	53	
170	2	2	43	52	54	37	33	27	23	58	
170	2	2	24	49	54	34	42	28	24	72	
170	2	1	14	45	41	49	31	31	30	87	
169	3	0	5	38	45	42	36	29	28	106	
169	3	0	2	25	43	37	43	29	33	117	
169	3	0	1	17	39	37	38	33	26	138	
169	3	0	1	9	36	35	27	43	28	150	
169	3	0	1	3	27	33	30	41	28	166	
169	3	0	0	4	16	34	29	31	37	178	
169	3	0	-1	3	13	28	29	26	39	192	
169	3	0	-1	3	8	22	28	30	29	210	
169	3	0	-1	2	7	16	30	24	28	223	
169	3	0	-1	2	5	13	24	24	27	235	
169	3	0	-1	2	4	8	19	25	27	245	
169	2	1	-1	2	4	6	17	23	21	257	
169	2	1	-1	2	4	4	11	23	20	266	
169	2	1	-1	2	4	3	6	20	21	274	
169	2	1	-1	2	3	3	5	16	22	279	
169	2	1	-1	2	3	3	2	11	24	285	
168	3	1	-1	2	3	3	2	7	20	293	
168	3	1	-1	2	3	3	2	2	20	298	
168	3	1	-1	2	3	3	0	2	14	306	
168	3	1	-1	2	2	4	0	1	12	309	
168	3	1	-1	2	2	4	0	1	7	314	
168	3	1	-1	2	2	4	0	1	4	317	
168	3	1	-1	2	2	4	0	-1	5	318	
168	3	1	-1	2	2	4	0	-1	4	319	
168	3	1	-1	2	2	4	0	-1	4	319	
168	3	1	-1	2	2	4	0	-1	3	320	
168	3	1	-1	2	2	4	0	-1	2	321	
168	3	1	-1	2	2	4	0	-1	2	321	
168	3	1	-1	2	2	4	0	-1	2	321	
168	3	1	-1	2	2	4	0	-1	2	321	
168	3	1	-1	2	2	4	0	-1	2	321	
168	3	1	-1	2	2	4	0	-1	2	321	
168	3	1	-1	2	2	4	0	-1	2	321	
168	3	1	-1	2	2	4	0	-1	2	321	
168	3	1	-1	2	2	4	0	-1	2	321	
168	3	1	-1	2	2	4	0	-1	2	321	
168	3	1	-1	2	2	4	0	-1	2	321	
168	3	1	-1	2	2	4	0	-1	2	321	
168	3	1	-1	2	2	4	0	-1	2	321	
168	3	1	-1	2	2	4	0	-1	2	321	
168	3	1	-1	2	2	4	0	-1	2	321	
168	3	1	-1	2	2	4	0	-1	2	321	
168	3	1	-1	2	2	4	0	-1	2	321	
168	3	1	-1	2	2	4	0	-1	2	321	
168	3	1	-1	2	2	4	0	-1	2	321	
168	3	1	-1	2	2	4	0	-1	2	321	
168	3	1	-1	2	2	4	0	-1	2	321	
168	3	1	-1	2	2	4	0	-1	2	321	
168	3	1	-1	2	2	4	0	-1	2	321	
168	3	1	-1	2	2	4	0	-1	2	321	
168	3	1	-1	2	2	4	0	-1	2	321	
168	3	1	-1	2	2	4	0	-1	2	321	
168	3	1	-1	2	2	4	0	-1	2	321	
168	3	1	-1	2	2	4	0	-1	2	321	
168	3	1	-1	2	2	4	0	-1	2	321	
168	3	1	-1	2	2	4	0	-1	2	321	
168	3	1	-1	2	2	4	0	-1	2	321	
168	3	1	-1	2	2	4	0	-1	2	321	
168	3	1	-1	2	2	4	0	-1	2	321	
168	3	1	-1	2	2	4	0	-1	2	321	
168	3	1	-1	2	2	4	0	-1	2	321	
168	3	1	-1	2	2	4	0	-1	2	321	
168	3	1	-1	2	2	4	0	-1	2	321	
168	3	1	-1	2	2	4	0	-1	2	321	
168	3	1	-1	2	2	4	0	-1	2	321	
168	3	1	-1	2	2	4	0	-1	2	321	
168	3	1	-1	2	2	4	0	-1	2	321	
168	3	1	-1	2	2	4	0	-1	2	321	
168	3	1	-1	2	2	4	0	-1	2	321	
168	3	1	-1	2	2	4	0	-1	2	321	
168	3	1	-1	2	2	4	0	-1	2	321	
168	3	1	-1	2	2	4	0	-1	2	321	
168	3	1	-1	2	2	4	0	-1	2	321	
168	3	1	-1	2	2	4	0	-1	2	321	
168	3	1	-1	2	2	4	0	-1	2	321	
168	3	1	-1	2	2	4	0	-1	2	321	
168	3	1	-1	2	2	4	0	-1	2	321	
168	3	1	-1	2	2	4	0	-1	2	321	
168	3	1	-1	2	2	4	0	-1	2	321	
168	3	1	-1	2	2	4	0	-1	2	321	
168	3	1	-1	2	2	4	0	-1	2	321	
168	3	1	-1	2	2	4	0	-1	2	321	
168	3	1	-1	2	2	4	0	-1	2	321	
168	3	1	-1	2	2	4	0	-1	2	321	
168	3	1	-1	2	2	4	0	-1	2	321	
168	3	1	-1	2	2	4	0	-1	2	321	
168	3	1	-1	2	2	4	0	-1	2	321	
168	3	1	-1	2	2	4	0	-1	2	321	
168	3	1	-1	2	2	4	0	-1	2	321	
-1	-1	-1	-1	-1	-1	-1	-1	-1	-1	-1	
-1	-1	-1	-1	-1	-1	-1	-1	-1	-1	-1	
-1	-1	-1	-1	-1	-1	-1	-1	-1	-1	-1	
-1	-1	-1	-1	-1	-1	-1	-1	-1	-1	-1	
-1	-1	-1	-1	-1	-1	-1	-1	-1	-1	-1	
-------------------------Number of TCAM Overflow occurence-----------------
2
6
7
9
12
17
23
27
31
37
41
47
53
58
72
87
106
117
138
150
166
178
192
210
223
235
245
257
266
274
279
285
293
298
306
309
314
317
318
319
319
320
321
321
321
321
321
321
321
321
321
321
321
321
321
321
321
321
321
321
321
321
321
321
321
321
321
321
321
321
321
321
321
321
321
321
321
321
321
321
321
321
321
321
321
321
321
321
321
321
321
321
321
321
321
321
321
321
321
321
321
321
321
321
321
-1
-1
-1
-1
-1
-------------------------Distribution of TCAM Usage------------------------
499	11	-1	-1	-1	-1	-1	-1	-1	-1	-1	
366	134	9	-1	-1	-1	-1	-1	-1	-1	-1	
281	154	64	8	0	-1	-1	-1	-1	-1	-1	
258	110	91	38	9	0	-1	-1	-1	-1	-1	
258	56	106	48	29	7	1	-1	-1	-1	-1	
258	19	93	65	41	20	6	1	0	-1	-1	
258	1	70	77	38	37	14	5	2	0	-1	
258	-1	37	74	55	33	32	6	5	2	0	
258	-1	22	54	60	40	26	31	3	5	3	
258	-1	5	49	56	50	23	27	23	2	9	
258	-1	0	33	49	48	36	23	26	17	12	
258	-1	-1	23	45	42	44	19	20	26	26	
258	-1	-1	8	37	38	45	32	18	19	48	
258	-1	-1	1	33	36	39	37	21	17	61	
258	-1	-1	-1	20	35	31	40	29	17	74	
258	-1	-1	-1	10	30	35	33	32	22	84	
258	-1	-1	-1	5	27	30	25	38	27	94	
258	-1	-1	-1	-1	20	25	34	25	30	113	
258	-1	-1	-1	-1	11	26	29	21	36	124	
258	-1	-1	-1	-1	7	27	19	27	24	143	
258	-1	-1	-1	-1	0	22	19	27	19	160	
258	-1	-1	-1	-1	-1	14	22	23	22	167	
258	-1	-1	-1	-1	-1	9	22	17	26	174	
258	-1	-1	-1	-1	-1	2	20	16	25	185	
258	-1	-1	-1	-1	-1	-1	15	20	20	194	
258	-1	-1	-1	-1	-1	-1	9	20	16	204	
258	-1	-1	-1	-1	-1	-1	4	19	13	213	
258	-1	-1	-1	-1	-1	-1	-1	16	19	215	
258	-1	-1	-1	-1	-1	-1	-1	12	17	221	
258	-1	-1	-1	-1	-1	-1	-1	5	18	227	
258	-1	-1	-1	-1	-1	-1	-1	0	16	234	
258	-1	-1	-1	-1	-1	-1	-1	-1	12	239	
258	-1	-1	-1	-1	-1	-1	-1	-1	8	243	
258	-1	-1	-1	-1	-1	-1	-1	-1	2	249	
258	-1	-1	-1	-1	-1	-1	-1	-1	0	251	
258	-1	-1	-1	-1	-1	-1	-1	-1	-1	252	
258	-1	-1	-1	-1	-1	-1	-1	-1	-1	252	
258	-1	-1	-1	-1	-1	-1	-1	-1	-1	252	
258	-1	-1	-1	-1	-1	-1	-1	-1	-1	252	
258	-1	-1	-1	-1	-1	-1	-1	-1	-1	252	
258	-1	-1	-1	-1	-1	-1	-1	-1	-1	252	
258	-1	-1	-1	-1	-1	-1	-1	-1	-1	252	
258	-1	-1	-1	-1	-1	-1	-1	-1	-1	252	
258	-1	-1	-1	-1	-1	-1	-1	-1	-1	252	
258	-1	-1	-1	-1	-1	-1	-1	-1	-1	252	
258	-1	-1	-1	-1	-1	-1	-1	-1	-1	252	
258	-1	-1	-1	-1	-1	-1	-1	-1	-1	252	
258	-1	-1	-1	-1	-1	-1	-1	-1	-1	252	
258	-1	-1	-1	-1	-1	-1	-1	-1	-1	252	
258	-1	-1	-1	-1	-1	-1	-1	-1	-1	252	
258	-1	-1	-1	-1	-1	-1	-1	-1	-1	252	
258	-1	-1	-1	-1	-1	-1	-1	-1	-1	252	
258	-1	-1	-1	-1	-1	-1	-1	-1	-1	252	
258	-1	-1	-1	-1	-1	-1	-1	-1	-1	252	
258	-1	-1	-1	-1	-1	-1	-1	-1	-1	252	
258	-1	-1	-1	-1	-1	-1	-1	-1	-1	252	
258	-1	-1	-1	-1	-1	-1	-1	-1	-1	252	
258	-1	-1	-1	-1	-1	-1	-1	-1	-1	252	
258	-1	-1	-1	-1	-1	-1	-1	-1	-1	252	
258	-1	-1	-1	-1	-1	-1	-1	-1	-1	252	
258	-1	-1	-1	-1	-1	-1	-1	-1	-1	252	
258	-1	-1	-1	-1	-1	-1	-1	-1	-1	252	
258	-1	-1	-1	-1	-1	-1	-1	-1	-1	252	
258	-1	-1	-1	-1	-1	-1	-1	-1	-1	252	
258	-1	-1	-1	-1	-1	-1	-1	-1	-1	252	
258	-1	-1	-1	-1	-1	-1	-1	-1	-1	252	
258	-1	-1	-1	-1	-1	-1	-1	-1	-1	252	
258	-1	-1	-1	-1	-1	-1	-1	-1	-1	252	
258	-1	-1	-1	-1	-1	-1	-1	-1	-1	252	
258	-1	-1	-1	-1	-1	-1	-1	-1	-1	252	
258	-1	-1	-1	-1	-1	-1	-1	-1	-1	252	
258	-1	-1	-1	-1	-1	-1	-1	-1	-1	252	
258	-1	-1	-1	-1	-1	-1	-1	-1	-1	252	
258	-1	-1	-1	-1	-1	-1	-1	-1	-1	252	
258	-1	-1	-1	-1	-1	-1	-1	-1	-1	252	
258	-1	-1	-1	-1	-1	-1	-1	-1	-1	252	
258	-1	-1	-1	-1	-1	-1	-1	-1	-1	252	
258	-1	-1	-1	-1	-1	-1	-1	-1	-1	252	
258	-1	-1	-1	-1	-1	-1	-1	-1	-1	252	
258	-1	-1	-1	-1	-1	-1	-1	-1	-1	252	
258	-1	-1	-1	-1	-1	-1	-1	-1	-1	252	
258	-1	-1	-1	-1	-1	-1	-1	-1	-1	252	
258	-1	-1	-1	-1	-1	-1	-1	-1	-1	252	
258	-1	-1	-1	-1	-1	-1	-1	-1	-1	252	
258	-1	-1	-1	-1	-1	-1	-1	-1	-1	252	
258	-1	-1	-1	-1	-1	-1	-1	-1	-1	252	
258	-1	-1	-1	-1	-1	-1	-1	-1	-1	252	
258	-1	-1	-1	-1	-1	-1	-1	-1	-1	252	
258	-1	-1	-1	-1	-1	-1	-1	-1	-1	252	
258	-1	-1	-1	-1	-1	-1	-1	-1	-1	252	
258	-1	-1	-1	-1	-1	-1	-1	-1	-1	252	
258	-1	-1	-1	-1	-1	-1	-1	-1	-1	252	
258	-1	-1	-1	-1	-1	-1	-1	-1	-1	252	
258	-1	-1	-1	-1	-1	-1	-1	-1	-1	252	
258	-1	-1	-1	-1	-1	-1	-1	-1	-1	252	
258	-1	-1	-1	-1	-1	-1	-1	-1	-1	252	
258	-1	-1	-1	-1	-1	-1	-1	-1	-1	252	
258	-1	-1	-1	-1	-1	-1	-1	-1	-1	252	
258	-1	-1	-1	-1	-1	-1	-1	-1	-1	252	
258	-1	-1	-1	-1	-1	-1	-1	-1	-1	252	
258	-1	-1	-1	-1	-1	-1	-1	-1	-1	252	
258	-1	-1	-1	-1	-1	-1	-1	-1	-1	252	
258	-1	-1	-1	-1	-1	-1	-1	-1	-1	252	
258	-1	-1	-1	-1	-1	-1	-1	-1	-1	252	
258	-1	-1	-1	-1	-1	-1	-1	-1	-1	252	
-1	-1	-1	-1	-1	-1	-1	-1	-1	-1	-1	
-1	-1	-1	-1	-1	-1	-1	-1	-1	-1	-1	
-1	-1	-1	-1	-1	-1	-1	-1	-1	-1	-1	
-1	-1	-1	-1	-1	-1	-1	-1	-1	-1	-1	
-1	-1	-1	-1	-1	-1	-1	-1	-1	-1	-1	
-------------------------Number of TCAM Overflow occurence-----------------
-1
-1
-1
-1
-1
-1
-1
0
3
9
12
26
48
61
74
84
94
113
124
143
160
167
174
185
194
204
213
215
221
227
234
239
243
249
251
252
252
252
252
252
252
252
252
252
252
252
252
252
252
252
252
252
252
252
252
252
252
252
252
252
252
252
252
252
252
252
252
252
252
252
252
252
252
252
252
252
252
252
252
252
252
252
252
252
252
252
252
252
252
252
252
252
252
252
252
252
252
252
252
252
252
252
252
252
252
-1
-1
-1
-1
-1
