-------------------------Distribution of TCAM Usage------------------------
311	18	4	3	0	0	1	0	0	2	0	
276	40	12	5	1	0	3	1	0	0	2	
185	122	15	6	4	4	0	1	2	2	0	
108	189	15	13	7	2	4	0	0	0	3	
63	208	39	11	7	6	5	2	0	0	0	
41	207	60	9	9	6	3	3	3	1	1	
28	199	75	13	9	7	3	2	2	3	0	
23	193	86	16	7	5	4	5	0	4	1	
20	177	92	24	6	7	6	6	0	2	3	
17	178	93	25	4	9	4	5	2	2	4	
16	182	93	23	7	6	3	6	3	3	2	
18	175	95	25	6	8	4	5	3	2	4	
16	178	98	22	8	6	2	7	1	5	1	
18	182	94	20	8	6	4	4	5	2	3	
16	181	94	22	8	6	3	5	3	4	2	
16	180	98	21	8	7	3	6	3	3	2	
16	184	95	20	9	6	3	7	2	2	3	
17	180	96	21	8	8	4	4	3	2	4	
16	192	87	19	6	9	3	7	0	4	3	
19	185	94	18	6	9	3	6	0	3	4	
17	183	95	20	6	9	3	4	4	3	3	
16	188	88	20	7	9	3	4	3	4	3	
16	196	83	18	7	9	3	4	5	1	3	
18	188	89	20	4	11	3	5	3	4	2	
19	190	87	20	5	6	6	5	4	2	2	
18	197	80	21	5	8	3	5	5	3	3	
17	190	85	22	5	9	4	3	5	4	2	
19	181	91	23	8	6	1	5	5	4	2	
14	187	91	21	7	8	2	4	5	3	4	
14	185	90	23	7	7	5	3	7	1	2	
19	181	93	23	7	6	6	3	4	3	3	
18	179	93	23	8	4	5	3	4	3	4	
19	179	90	27	5	6	4	3	5	5	2	
19	178	92	26	4	8	3	3	5	3	2	
20	178	93	24	5	9	4	3	4	4	1	
17	178	94	26	7	8	2	4	4	2	2	
20	178	95	22	7	8	4	2	5	3	3	
17	180	91	26	4	10	4	2	5	4	3	
15	181	94	20	9	9	2	3	2	6	2	
17	181	90	26	8	6	5	2	3	6	1	
18	185	86	23	9	5	7	3	2	5	2	
20	190	82	23	5	8	4	4	4	4	3	
23	189	77	26	7	4	5	3	5	5	1	
21	187	83	25	7	5	7	3	3	3	3	
17	189	83	26	5	7	3	6	3	5	0	
18	190	81	28	3	8	3	8	1	3	2	
14	189	86	26	6	8	4	4	4	2	3	
15	186	87	25	7	6	3	7	3	3	4	
11	190	87	24	6	7	2	6	4	4	3	
13	190	81	27	7	5	5	6	4	4	2	
11	185	87	28	8	6	3	5	4	1	6	
13	184	87	26	8	7	3	7	2	3	4	
36	210	61	9	10	2	5	3	7	0	0	
0	0	0	0	4	2	1	0	0	1	0	
0	0	0	1	2	0	0	1	0	0	0	
0	0	0	0	1	2	1	0	0	1	0	
0	0	0	1	0	0	0	0	0	0	0	
0	0	1	0	0	0	0	0	0	0	1	
0	0	0	0	0	0	0	0	0	1	0	
0	0	0	0	0	1	0	1	0	0	0	
0	0	0	0	0	1	0	0	0	0	0	
0	0	0	0	0	0	0	0	0	0	0	
0	0	0	0	0	0	0	0	0	0	0	
0	0	0	0	0	0	0	0	0	0	0	
0	0	0	0	0	0	0	0	0	0	0	
0	0	0	0	0	0	0	0	0	0	0	
0	0	0	0	0	0	0	0	0	0	0	
0	0	0	0	0	0	0	0	0	0	0	
0	0	0	0	0	0	0	0	0	0	0	
0	0	0	0	0	0	0	0	0	0	0	
0	0	0	0	0	0	0	0	0	0	0	
0	0	0	0	0	0	0	0	0	0	0	
0	0	0	0	0	0	0	0	0	0	0	
0	0	0	0	0	0	0	0	0	0	0	
0	0	0	0	0	0	0	0	0	0	0	
0	0	0	0	0	0	0	0	0	0	0	
0	0	0	0	0	0	0	0	0	0	0	
0	0	0	0	0	0	0	0	0	0	0	
0	0	0	0	0	0	0	0	0	0	0	
0	0	0	0	0	0	0	0	0	0	0	
0	0	0	0	0	0	0	0	0	0	0	
0	0	0	0	0	0	0	0	0	0	0	
0	0	0	0	0	0	0	0	0	0	0	
0	0	0	0	0	0	0	0	0	0	0	
0	0	0	0	0	0	0	0	0	0	0	
0	0	0	0	0	0	0	0	0	0	0	
0	0	0	0	0	0	0	0	0	0	0	
0	0	0	0	0	0	0	0	0	0	0	
0	0	0	0	0	0	0	0	0	0	0	
0	0	0	0	0	0	0	0	0	0	0	
0	0	0	0	0	0	0	0	0	0	0	
0	0	0	0	0	0	0	0	0	0	0	
0	0	0	0	0	0	0	0	0	0	0	
0	0	0	0	0	0	0	0	0	0	0	
0	0	0	0	0	0	0	0	0	0	0	
0	0	0	0	0	0	0	0	0	0	0	
0	0	0	0	0	0	0	0	0	0	0	
0	0	0	0	0	0	0	0	0	0	0	
0	0	0	0	0	0	0	0	0	0	0	
0	0	0	0	0	0	0	0	0	0	0	
0	0	0	0	0	0	0	0	0	0	0	
0	0	0	0	0	0	0	0	0	0	0	
0	0	0	0	0	0	0	0	0	0	0	
0	0	0	0	0	0	0	0	0	0	0	
0	0	0	0	0	0	0	0	0	0	0	
0	0	0	0	0	0	0	0	0	0	0	
0	0	0	0	0	0	0	0	0	0	0	
0	0	0	0	0	0	0	0	0	0	0	
0	0	0	0	0	0	0	0	0	0	0	
0	0	0	0	0	0	0	0	0	0	0	
-------------------------Number of TCAM Overflow occurence-----------------
0
0
0
0
0
0
0
0
0
0
0
0
0
0
0
0
0
0
0
0
0
0
0
0
0
0
0
0
0
0
0
0
0
0
0
0
0
0
0
0
0
0
0
0
0
0
0
0
0
0
0
0
0
0
0
0
0
0
0
0
0
0
0
0
0
0
0
0
0
0
0
0
0
0
0
0
0
0
0
0
0
0
0
0
0
0
0
0
0
0
0
0
0
0
0
0
0
0
0
0
0
0
0
0
0
0
0
0
0
0
