-------------------------Distribution of TCAM Usage------------------------
326	3	3	0	0	0	0	0	0	0	0	
328	7	4	1	1	0	0	0	1	0	0	
323	12	4	1	1	1	0	0	0	1	0	
319	16	2	3	1	1	1	0	0	0	0	
317	16	4	1	2	1	1	1	1	0	0	
311	18	7	2	0	2	1	1	0	1	0	
308	21	7	1	2	3	0	0	1	0	0	
306	22	8	2	1	2	1	1	1	0	0	
297	29	7	3	1	3	1	0	1	1	0	
296	31	5	5	0	4	0	0	0	1	0	
295	28	9	3	1	4	1	0	0	0	1	
292	33	6	4	2	3	1	0	0	0	1	
296	31	5	5	1	3	2	0	0	0	0	
303	25	6	4	1	1	3	0	0	0	1	
300	27	6	4	4	0	1	0	0	0	0	
299	28	5	5	5	0	0	1	0	0	0	
300	26	10	2	1	2	1	1	0	0	0	
298	29	9	3	1	3	1	0	0	0	0	
301	27	9	3	1	2	1	1	0	0	1	
298	30	7	3	1	4	0	1	0	0	1	
302	26	9	3	1	2	1	0	0	1	0	
305	24	8	3	1	2	1	0	1	0	1	
296	30	8	2	3	3	0	0	1	0	0	
296	30	9	3	2	3	0	0	0	1	0	
293	32	8	4	1	2	2	0	2	0	0	
291	32	7	6	2	1	2	0	1	1	0	
285	39	6	8	0	2	2	0	0	0	1	
286	39	5	6	3	2	1	0	0	0	1	
290	36	5	7	1	1	2	0	0	1	0	
291	32	8	5	0	2	3	0	0	1	0	
291	32	7	4	1	3	2	0	1	1	0	
291	31	7	3	3	3	2	0	0	1	0	
290	34	6	3	2	6	0	0	0	0	1	
295	26	10	3	2	4	1	0	0	1	0	
294	27	11	2	2	3	1	1	0	1	0	
292	28	13	2	1	4	0	0	1	1	0	
292	34	8	4	1	3	0	0	0	2	0	
294	31	10	4	1	3	0	0	0	2	0	
293	34	10	2	0	4	0	0	1	0	0	
295	31	12	1	0	4	0	1	0	0	1	
295	31	9	4	0	3	1	0	1	1	0	
301	27	8	3	1	3	0	0	2	0	1	
298	28	7	5	1	2	1	2	0	0	0	
297	31	7	4	0	2	2	2	0	0	0	
294	32	8	4	0	2	3	1	0	0	0	
295	31	5	6	0	3	2	0	0	1	0	
292	33	8	4	1	2	2	0	1	0	1	
293	28	12	4	0	3	1	0	1	0	0	
293	31	10	3	1	1	2	2	0	0	1	
293	32	11	1	0	2	1	1	1	0	0	
295	30	10	3	0	3	0	0	2	1	0	
296	30	10	1	1	1	1	1	0	1	0	
307	24	7	1	2	0	1	1	0	1	2	
0	0	0	0	0	0	0	0	0	0	0	
0	0	0	0	1	0	0	0	1	0	0	
0	0	0	0	0	0	0	0	0	0	0	
0	0	0	0	0	0	0	0	0	0	0	
0	0	0	0	0	0	0	0	0	0	0	
0	0	0	0	0	0	0	0	0	0	0	
0	0	0	0	0	0	0	0	0	0	0	
0	0	0	0	0	0	0	0	0	0	0	
0	0	0	0	0	0	0	0	0	0	0	
0	0	0	0	0	0	0	0	0	0	0	
0	0	0	0	0	0	0	0	0	0	0	
0	0	0	0	0	0	0	0	0	0	0	
0	0	0	0	0	0	0	0	0	0	0	
0	0	0	0	0	0	0	0	0	0	0	
0	0	0	0	0	0	0	0	0	0	0	
0	0	0	0	0	0	0	0	0	0	0	
0	0	0	0	0	0	0	0	0	0	0	
0	0	0	0	0	0	0	0	0	0	0	
0	0	0	0	0	0	0	0	0	0	0	
0	0	0	0	0	0	0	0	0	0	0	
0	0	0	0	0	0	0	0	0	0	0	
0	0	0	0	0	0	0	0	0	0	0	
0	0	0	0	0	0	0	0	0	0	0	
0	0	0	0	0	0	0	0	0	0	0	
0	0	0	0	0	0	0	0	0	0	0	
0	0	0	0	0	0	0	0	0	0	0	
0	0	0	0	0	0	0	0	0	0	0	
0	0	0	0	0	0	0	0	0	0	0	
0	0	0	0	0	0	0	0	0	0	0	
0	0	0	0	0	0	0	0	0	0	0	
0	0	0	0	0	0	0	0	0	0	0	
0	0	0	0	0	0	0	0	0	0	0	
0	0	0	0	0	0	0	0	0	0	0	
0	0	0	0	0	0	0	0	0	0	0	
0	0	0	0	0	0	0	0	0	0	0	
0	0	0	0	0	0	0	0	0	0	0	
0	0	0	0	0	0	0	0	0	0	0	
0	0	0	0	0	0	0	0	0	0	0	
0	0	0	0	0	0	0	0	0	0	0	
0	0	0	0	0	0	0	0	0	0	0	
0	0	0	0	0	0	0	0	0	0	0	
0	0	0	0	0	0	0	0	0	0	0	
0	0	0	0	0	0	0	0	0	0	0	
0	0	0	0	0	0	0	0	0	0	0	
0	0	0	0	0	0	0	0	0	0	0	
0	0	0	0	0	0	0	0	0	0	0	
0	0	0	0	0	0	0	0	0	0	0	
0	0	0	0	0	0	0	0	0	0	0	
0	0	0	0	0	0	0	0	0	0	0	
0	0	0	0	0	0	0	0	0	0	0	
0	0	0	0	0	0	0	0	0	0	0	
0	0	0	0	0	0	0	0	0	0	0	
0	0	0	0	0	0	0	0	0	0	0	
0	0	0	0	0	0	0	0	0	0	0	
0	0	0	0	0	0	0	0	0	0	0	
0	0	0	0	0	0	0	0	0	0	0	
0	0	0	0	0	0	0	0	0	0	0	
-------------------------Number of TCAM Overflow occurence-----------------
0
0
0
0
0
0
0
0
0
0
0
0
0
0
0
0
0
0
0
0
0
0
0
0
0
0
0
0
0
0
0
0
0
0
0
0
0
0
0
0
0
0
0
0
0
0
0
0
0
0
0
0
0
0
0
0
0
0
0
0
0
0
0
0
0
0
0
0
0
0
0
0
0
0
0
0
0
0
0
0
0
0
0
0
0
0
0
0
0
0
0
0
0
0
0
0
0
0
0
0
0
0
0
0
0
0
0
0
0
0
