-------------------------Distribution of TCAM Usage------------------------
198	55	0	0	0	0	0	0	0	0	0	
68	154	30	1	0	0	0	0	0	0	0	
5	151	80	15	2	0	0	0	0	0	0	
0	98	88	56	9	2	0	0	0	0	0	
0	56	106	54	29	7	1	0	0	0	0	
0	33	101	58	47	8	5	1	0	0	0	
0	26	86	66	43	23	8	0	1	0	0	
0	15	79	69	42	37	9	1	1	0	0	
0	9	76	71	45	36	8	7	1	0	0	
0	11	69	72	41	45	7	7	0	1	0	
0	8	69	78	39	43	9	6	0	1	0	
0	9	70	77	40	40	9	7	0	1	0	
0	8	71	76	41	39	10	6	1	1	0	
0	4	75	74	45	36	10	8	0	1	0	
0	6	71	78	45	35	9	8	0	1	0	
0	7	69	80	42	37	9	8	0	1	0	
0	8	74	72	41	42	8	7	0	1	0	
0	9	75	70	41	41	10	6	0	1	0	
0	9	73	71	41	42	10	4	2	1	0	
0	6	80	64	46	40	10	4	2	1	0	
0	8	78	69	40	39	11	5	2	1	0	
0	8	79	67	39	43	9	5	2	1	0	
0	5	78	73	36	41	13	4	2	1	0	
0	8	78	72	35	42	9	6	2	1	0	
0	7	78	70	37	45	7	6	2	1	0	
0	5	76	69	41	48	5	6	2	1	0	
0	7	75	73	38	44	7	7	1	1	0	
0	5	76	72	41	43	7	7	1	1	0	
0	5	75	74	39	43	9	6	1	1	0	
0	6	77	71	40	41	10	6	1	1	0	
0	4	79	71	44	39	8	6	1	1	0	
0	6	74	70	46	36	13	7	0	1	0	
0	6	76	74	38	38	13	6	1	1	0	
0	9	73	71	42	41	8	8	1	0	0	
0	4	80	69	44	35	14	6	0	1	0	
0	5	75	73	42	38	12	7	0	1	0	
0	3	82	67	42	42	8	8	0	1	0	
0	6	75	67	47	39	10	8	0	1	0	
0	6	76	67	45	42	9	7	0	1	0	
0	6	76	69	49	37	8	7	0	1	0	
0	5	75	77	41	39	10	4	1	1	0	
0	4	76	75	42	41	7	6	1	1	0	
0	1	78	78	41	39	10	4	1	1	0	
0	1	80	78	39	39	8	6	1	1	0	
0	2	78	76	39	44	6	6	2	0	0	
0	2	76	77	44	39	8	6	0	1	0	
0	3	78	72	45	40	7	6	1	1	0	
0	3	73	77	47	36	10	5	1	1	0	
0	2	78	74	48	36	7	6	1	1	0	
0	4	76	72	48	36	10	5	1	1	0	
0	3	79	70	47	38	9	4	2	1	0	
0	6	74	78	43	34	11	5	1	1	0	
0	39	106	54	31	17	5	1	0	0	0	
0	0	0	0	0	0	0	0	0	0	0	
0	0	0	0	0	0	0	0	0	0	0	
0	0	0	0	0	0	0	0	0	0	0	
0	0	0	0	0	0	0	0	0	0	0	
0	0	0	0	0	0	0	0	0	0	0	
0	0	0	0	0	0	0	0	0	0	0	
0	0	0	0	0	0	0	0	0	0	0	
0	0	0	0	0	0	0	0	0	0	0	
0	0	0	0	0	0	0	0	0	0	0	
0	0	0	0	0	0	0	0	0	0	0	
0	0	0	0	0	0	0	0	0	0	0	
0	0	0	0	0	0	0	0	0	0	0	
0	0	0	0	0	0	0	0	0	0	0	
0	0	0	0	0	0	0	0	0	0	0	
0	0	0	0	0	0	0	0	0	0	0	
0	0	0	0	0	0	0	0	0	0	0	
0	0	0	0	0	0	0	0	0	0	0	
0	0	0	0	0	0	0	0	0	0	0	
0	0	0	0	0	0	0	0	0	0	0	
0	0	0	0	0	0	0	0	0	0	0	
0	0	0	0	0	0	0	0	0	0	0	
0	0	0	0	0	0	0	0	0	0	0	
0	0	0	0	0	0	0	0	0	0	0	
0	0	0	0	0	0	0	0	0	0	0	
0	0	0	0	0	0	0	0	0	0	0	
0	0	0	0	0	0	0	0	0	0	0	
0	0	0	0	0	0	0	0	0	0	0	
0	0	0	0	0	0	0	0	0	0	0	
0	0	0	0	0	0	0	0	0	0	0	
0	0	0	0	0	0	0	0	0	0	0	
0	0	0	0	0	0	0	0	0	0	0	
0	0	0	0	0	0	0	0	0	0	0	
0	0	0	0	0	0	0	0	0	0	0	
0	0	0	0	0	0	0	0	0	0	0	
0	0	0	0	0	0	0	0	0	0	0	
0	0	0	0	0	0	0	0	0	0	0	
0	0	0	0	0	0	0	0	0	0	0	
0	0	0	0	0	0	0	0	0	0	0	
0	0	0	0	0	0	0	0	0	0	0	
0	0	0	0	0	0	0	0	0	0	0	
0	0	0	0	0	0	0	0	0	0	0	
0	0	0	0	0	0	0	0	0	0	0	
0	0	0	0	0	0	0	0	0	0	0	
0	0	0	0	0	0	0	0	0	0	0	
0	0	0	0	0	0	0	0	0	0	0	
0	0	0	0	0	0	0	0	0	0	0	
0	0	0	0	0	0	0	0	0	0	0	
0	0	0	0	0	0	0	0	0	0	0	
0	0	0	0	0	0	0	0	0	0	0	
0	0	0	0	0	0	0	0	0	0	0	
0	0	0	0	0	0	0	0	0	0	0	
0	0	0	0	0	0	0	0	0	0	0	
0	0	0	0	0	0	0	0	0	0	0	
0	0	0	0	0	0	0	0	0	0	0	
0	0	0	0	0	0	0	0	0	0	0	
0	0	0	0	0	0	0	0	0	0	0	
0	0	0	0	0	0	0	0	0	0	0	
-------------------------Number of TCAM Overflow occurence-----------------
0
0
0
0
0
0
0
0
0
0
0
0
0
0
0
0
0
0
0
0
0
0
0
0
0
0
0
0
0
0
0
0
0
0
0
0
0
0
0
0
0
0
0
0
0
0
0
0
0
0
0
0
0
0
0
0
0
0
0
0
0
0
0
0
0
0
0
0
0
0
0
0
0
0
0
0
0
0
0
0
0
0
0
0
0
0
0
0
0
0
0
0
0
0
0
0
0
0
0
0
0
0
0
0
0
0
0
0
0
0
