-------------------------Distribution of TCAM Usage------------------------
320	13	3	1	2	0	0	1	1	0	0	
303	22	7	3	4	1	0	1	0	0	0	
247	69	11	5	4	2	1	1	1	0	0	
193	120	11	5	5	3	0	1	1	2	2	
136	170	11	12	4	3	3	0	1	0	1	
92	200	25	10	7	3	4	1	0	1	0	
67	215	31	10	7	4	2	5	2	0	0	
57	207	48	8	5	9	0	4	3	1	1	
48	208	54	12	3	8	2	5	1	0	2	
38	219	48	13	9	6	1	6	2	0	0	
40	225	44	12	8	5	3	6	1	0	0	
35	220	54	11	8	8	3	4	2	0	0	
34	222	55	10	6	7	5	3	3	0	0	
36	220	54	11	6	7	3	5	1	0	0	
39	211	59	10	9	7	4	4	1	0	0	
37	218	56	9	9	9	4	2	1	0	1	
41	209	61	9	7	7	6	1	1	2	0	
37	215	60	9	8	6	6	1	1	2	0	
40	212	58	8	10	9	5	1	2	0	0	
38	221	48	13	9	5	7	1	1	1	1	
39	217	55	7	12	6	3	2	4	0	1	
35	225	49	9	8	9	5	2	3	0	1	
42	226	41	10	9	6	3	6	2	0	1	
35	226	49	9	7	10	2	4	3	0	0	
41	223	47	10	9	8	3	3	2	0	1	
41	221	48	8	8	10	2	4	2	1	1	
39	221	48	9	9	6	4	5	1	1	0	
40	220	49	10	6	7	4	2	4	0	1	
44	213	50	11	7	9	3	5	2	0	0	
40	213	56	8	10	7	3	4	2	0	0	
39	214	57	10	9	5	5	3	3	0	0	
46	206	57	10	11	3	5	3	2	1	0	
45	203	61	12	9	3	4	3	4	0	0	
47	209	53	13	9	2	5	3	3	0	1	
44	209	54	15	7	4	5	3	3	0	1	
52	207	49	11	11	5	4	4	2	0	1	
45	214	50	10	10	5	5	2	4	0	1	
43	213	57	7	10	6	3	4	1	2	0	
50	204	58	9	10	6	1	4	1	2	0	
51	208	55	8	9	7	3	2	2	1	1	
45	213	53	10	7	8	5	1	1	2	1	
46	211	55	9	4	11	3	1	5	0	0	
46	216	49	10	7	8	2	5	3	0	0	
43	215	53	10	7	9	1	5	3	0	0	
50	206	56	11	8	6	2	4	3	0	0	
45	211	54	11	8	8	2	4	3	0	0	
48	207	53	12	6	8	5	4	2	0	0	
43	208	57	13	10	3	4	4	4	0	0	
50	201	56	13	10	2	6	6	1	0	0	
47	200	59	13	9	6	3	2	5	0	0	
42	207	57	11	11	5	3	4	3	1	0	
46	205	57	18	6	6	2	3	1	1	0	
88	197	31	12	7	4	3	3	0	0	1	
2	1	2	1	1	0	0	0	1	0	1	
0	1	0	0	0	1	0	0	0	1	1	
0	1	1	0	0	0	0	0	0	0	0	
0	1	0	0	0	0	0	0	1	0	0	
0	0	0	0	0	0	0	0	1	0	0	
0	0	0	1	0	1	0	0	0	0	0	
0	0	0	0	0	0	0	0	0	0	0	
0	0	0	0	0	0	0	0	0	0	0	
0	0	0	0	0	0	0	0	0	0	0	
0	0	0	0	0	0	0	0	0	0	0	
0	0	0	0	0	0	0	0	0	0	0	
0	0	0	0	0	0	0	0	0	0	0	
0	0	0	0	0	0	0	0	0	0	0	
0	0	0	0	0	0	0	0	0	0	0	
0	0	0	0	0	0	0	0	0	0	0	
0	0	0	0	0	0	0	0	0	0	0	
0	0	0	0	0	0	0	0	0	0	0	
0	0	0	0	0	0	0	0	0	0	0	
0	0	0	0	0	0	0	0	0	0	0	
0	0	0	0	0	0	0	0	0	0	0	
0	0	0	0	0	0	0	0	0	0	0	
0	0	0	0	0	0	0	0	0	0	0	
0	0	0	0	0	0	0	0	0	0	0	
0	0	0	0	0	0	0	0	0	0	0	
0	0	0	0	0	0	0	0	0	0	0	
0	0	0	0	0	0	0	0	0	0	0	
0	0	0	0	0	0	0	0	0	0	0	
0	0	0	0	0	0	0	0	0	0	0	
0	0	0	0	0	0	0	0	0	0	0	
0	0	0	0	0	0	0	0	0	0	0	
0	0	0	0	0	0	0	0	0	0	0	
0	0	0	0	0	0	0	0	0	0	0	
0	0	0	0	0	0	0	0	0	0	0	
0	0	0	0	0	0	0	0	0	0	0	
0	0	0	0	0	0	0	0	0	0	0	
0	0	0	0	0	0	0	0	0	0	0	
0	0	0	0	0	0	0	0	0	0	0	
0	0	0	0	0	0	0	0	0	0	0	
0	0	0	0	0	0	0	0	0	0	0	
0	0	0	0	0	0	0	0	0	0	0	
0	0	0	0	0	0	0	0	0	0	0	
0	0	0	0	0	0	0	0	0	0	0	
0	0	0	0	0	0	0	0	0	0	0	
0	0	0	0	0	0	0	0	0	0	0	
0	0	0	0	0	0	0	0	0	0	0	
0	0	0	0	0	0	0	0	0	0	0	
0	0	0	0	0	0	0	0	0	0	0	
0	0	0	0	0	0	0	0	0	0	0	
0	0	0	0	0	0	0	0	0	0	0	
0	0	0	0	0	0	0	0	0	0	0	
0	0	0	0	0	0	0	0	0	0	0	
0	0	0	0	0	0	0	0	0	0	0	
0	0	0	0	0	0	0	0	0	0	0	
0	0	0	0	0	0	0	0	0	0	0	
0	0	0	0	0	0	0	0	0	0	0	
0	0	0	0	0	0	0	0	0	0	0	
0	0	0	0	0	0	0	0	0	0	0	
-------------------------Number of TCAM Overflow occurence-----------------
0
0
0
0
0
0
0
0
0
0
0
0
0
0
0
0
0
0
0
0
0
0
0
0
0
0
0
0
0
0
0
0
0
0
0
0
0
0
0
0
0
0
0
0
0
0
0
0
0
0
0
0
0
0
0
0
0
0
0
0
0
0
0
0
0
0
0
0
0
0
0
0
0
0
0
0
0
0
0
0
0
0
0
0
0
0
0
0
0
0
0
0
0
0
0
0
0
0
0
0
0
0
0
0
0
0
0
0
0
0
