-------------------------Distribution of TCAM Usage------------------------
483	16	2	0	2	-1	-1	0	-1	-1	2	
427	51	14	5	0	0	0	-1	0	-1	6	
318	140	19	7	7	3	0	0	0	-1	8	
232	168	64	11	6	5	4	1	0	0	10	
190	151	97	27	9	4	4	4	2	2	11	
175	109	111	54	16	8	2	5	2	2	17	
173	69	104	75	32	12	6	2	3	2	23	
172	41	95	76	49	21	11	4	3	2	27	
172	18	76	78	57	43	10	10	4	1	32	
172	3	62	80	56	45	31	5	9	4	34	
171	2	46	63	60	46	43	17	6	7	40	
171	1	31	52	64	45	41	32	12	6	46	
171	1	9	52	54	53	43	35	23	7	53	
171	1	3	44	49	55	36	36	32	15	59	
171	1	1	31	42	50	43	36	30	29	67	
170	2	1	16	43	44	48	27	33	31	86	
169	3	1	7	42	32	45	40	33	24	105	
169	3	0	3	31	34	37	45	28	30	121	
169	3	0	1	17	38	37	37	37	25	137	
169	3	-1	2	8	40	26	33	43	25	153	
169	3	-1	1	7	27	33	29	37	33	163	
169	3	-1	1	2	24	30	26	29	44	174	
169	3	-1	1	2	15	30	24	28	34	196	
169	3	-1	1	2	9	25	28	28	25	212	
169	3	-1	1	2	5	22	26	21	28	225	
169	3	-1	1	2	2	18	23	23	27	234	
169	3	-1	1	2	2	15	18	23	23	246	
169	3	-1	1	2	2	7	18	24	23	253	
169	3	-1	1	2	2	5	14	23	23	260	
169	3	-1	1	2	2	3	14	16	20	272	
169	3	-1	1	2	2	3	7	19	20	276	
169	3	-1	1	2	2	3	3	14	23	282	
169	3	-1	1	2	2	3	1	13	19	289	
169	3	-1	1	2	2	3	0	11	15	296	
169	3	-1	1	2	2	3	0	5	15	302	
169	3	-1	1	2	2	3	0	2	14	306	
169	3	-1	1	2	2	3	0	1	13	308	
169	3	-1	1	2	2	3	0	0	8	314	
169	3	-1	1	2	2	3	0	0	3	319	
169	3	-1	1	2	2	3	0	0	3	319	
169	3	-1	1	2	2	3	0	0	1	321	
169	3	-1	1	2	2	3	0	0	0	322	
169	3	-1	1	2	2	3	0	0	0	322	
169	3	-1	1	2	2	3	0	0	0	322	
169	3	-1	1	2	2	3	0	0	0	322	
169	3	-1	1	2	2	3	0	0	0	322	
169	3	-1	1	2	2	3	0	0	0	322	
169	3	-1	1	2	2	3	0	0	0	322	
169	3	-1	1	2	2	3	0	0	0	322	
169	3	-1	1	2	2	3	0	0	0	322	
169	3	-1	1	2	2	3	0	0	0	322	
169	3	-1	1	2	2	3	0	0	0	322	
169	3	-1	1	2	2	3	0	0	0	322	
169	3	-1	1	2	2	3	0	0	0	322	
169	3	-1	1	2	2	3	0	0	0	322	
169	3	-1	1	2	2	3	0	0	0	322	
169	3	-1	1	2	2	3	0	0	0	322	
169	3	-1	1	2	2	3	0	0	0	322	
169	3	-1	1	2	2	3	0	0	0	322	
169	3	-1	1	2	2	3	0	0	0	322	
169	3	-1	1	2	2	3	0	0	0	322	
169	3	-1	1	2	2	3	0	0	0	322	
169	3	-1	1	2	2	3	0	0	0	322	
169	3	-1	1	2	2	3	0	0	0	322	
169	3	-1	1	2	2	3	0	0	0	322	
169	3	-1	1	2	2	3	0	0	0	322	
169	3	-1	1	2	2	3	0	0	0	322	
169	3	-1	1	2	2	3	0	0	0	322	
169	3	-1	1	2	2	3	0	0	0	322	
169	3	-1	1	2	2	3	0	0	0	322	
169	3	-1	1	2	2	3	0	0	0	322	
169	3	-1	1	2	2	3	0	0	0	322	
169	3	-1	1	2	2	3	0	0	0	322	
169	3	-1	1	2	2	3	0	0	0	322	
169	3	-1	1	2	2	3	0	0	0	322	
169	3	-1	1	2	2	3	0	0	0	322	
169	3	-1	1	2	2	3	0	0	0	322	
169	3	-1	1	2	2	3	0	0	0	322	
169	3	-1	1	2	2	3	0	0	0	322	
169	3	-1	1	2	2	3	0	0	0	322	
169	3	-1	1	2	2	3	0	0	0	322	
169	3	-1	1	2	2	3	0	0	0	322	
169	3	-1	1	2	2	3	0	0	0	322	
169	3	-1	1	2	2	3	0	0	0	322	
169	3	-1	1	2	2	3	0	0	0	322	
169	3	-1	1	2	2	3	0	0	0	322	
169	3	-1	1	2	2	3	0	0	0	322	
169	3	-1	1	2	2	3	0	0	0	322	
169	3	-1	1	2	2	3	0	0	0	322	
169	3	-1	1	2	2	3	0	0	0	322	
169	3	-1	1	2	2	3	0	0	0	322	
169	3	-1	1	2	2	3	0	0	0	322	
169	3	-1	1	2	2	3	0	0	0	322	
169	3	-1	1	2	2	3	0	0	0	322	
169	3	-1	1	2	2	3	0	0	0	322	
169	3	-1	1	2	2	3	0	0	0	322	
169	3	-1	1	2	2	3	0	0	0	322	
169	3	-1	1	2	2	3	0	0	0	322	
169	3	-1	1	2	2	3	0	0	0	322	
169	3	-1	1	2	2	3	0	0	0	322	
169	3	-1	1	2	2	3	0	0	0	322	
169	3	-1	1	2	2	3	0	0	0	322	
169	3	-1	1	2	2	3	0	0	0	322	
169	3	-1	1	2	2	3	0	0	0	322	
169	3	-1	1	2	2	3	0	0	0	322	
-1	-1	-1	-1	-1	-1	-1	-1	-1	-1	-1	
-1	-1	-1	-1	-1	-1	-1	-1	-1	-1	-1	
-1	-1	-1	-1	-1	-1	-1	-1	-1	-1	-1	
-1	-1	-1	-1	-1	-1	-1	-1	-1	-1	-1	
-1	-1	-1	-1	-1	-1	-1	-1	-1	-1	-1	
-------------------------Number of TCAM Overflow occurence-----------------
2
6
8
10
11
17
23
27
32
34
40
46
53
59
67
86
105
121
137
153
163
174
196
212
225
234
246
253
260
272
276
282
289
296
302
306
308
314
319
319
321
322
322
322
322
322
322
322
322
322
322
322
322
322
322
322
322
322
322
322
322
322
322
322
322
322
322
322
322
322
322
322
322
322
322
322
322
322
322
322
322
322
322
322
322
322
322
322
322
322
322
322
322
322
322
322
322
322
322
322
322
322
322
322
322
-1
-1
-1
-1
-1
