-------------------------Distribution of TCAM Usage------------------------
499	11	-1	-1	-1	-1	-1	-1	-1	-1	-1	
369	132	8	-1	-1	-1	-1	-1	-1	-1	-1	
288	147	66	6	0	-1	-1	-1	-1	-1	-1	
258	109	91	41	6	1	-1	-1	-1	-1	-1	
258	60	94	61	26	4	2	-1	-1	-1	-1	
258	27	84	68	42	19	4	2	-1	-1	-1	
258	2	74	66	45	40	12	3	2	0	-1	
258	-1	45	72	48	29	38	7	2	3	0	
258	-1	25	58	55	37	32	24	7	2	4	
258	-1	4	50	58	42	28	30	21	4	7	
258	-1	1	37	44	53	31	18	31	18	11	
258	-1	-1	22	42	45	38	28	17	26	27	
258	-1	-1	9	36	40	46	27	21	22	44	
258	-1	-1	1	32	39	38	31	27	13	64	
258	-1	-1	-1	23	29	38	39	23	21	73	
258	-1	-1	-1	11	31	35	33	30	21	85	
258	-1	-1	-1	4	27	32	28	33	23	99	
258	-1	-1	-1	-1	24	25	32	29	28	109	
258	-1	-1	-1	-1	13	26	27	27	32	122	
258	-1	-1	-1	-1	6	22	26	27	24	142	
258	-1	-1	-1	-1	0	24	16	30	23	154	
258	-1	-1	-1	-1	-1	15	23	23	23	164	
258	-1	-1	-1	-1	-1	9	20	18	29	172	
258	-1	-1	-1	-1	-1	2	20	16	27	183	
258	-1	-1	-1	-1	-1	-1	16	20	17	196	
258	-1	-1	-1	-1	-1	-1	10	20	12	207	
258	-1	-1	-1	-1	-1	-1	6	18	11	214	
258	-1	-1	-1	-1	-1	-1	0	18	15	216	
258	-1	-1	-1	-1	-1	-1	-1	12	17	221	
258	-1	-1	-1	-1	-1	-1	-1	6	19	225	
258	-1	-1	-1	-1	-1	-1	-1	0	18	232	
258	-1	-1	-1	-1	-1	-1	-1	0	13	237	
258	-1	-1	-1	-1	-1	-1	-1	-1	7	244	
258	-1	-1	-1	-1	-1	-1	-1	-1	3	248	
258	-1	-1	-1	-1	-1	-1	-1	-1	0	251	
258	-1	-1	-1	-1	-1	-1	-1	-1	-1	252	
258	-1	-1	-1	-1	-1	-1	-1	-1	-1	252	
258	-1	-1	-1	-1	-1	-1	-1	-1	-1	252	
258	-1	-1	-1	-1	-1	-1	-1	-1	-1	252	
258	-1	-1	-1	-1	-1	-1	-1	-1	-1	252	
258	-1	-1	-1	-1	-1	-1	-1	-1	-1	252	
258	-1	-1	-1	-1	-1	-1	-1	-1	-1	252	
258	-1	-1	-1	-1	-1	-1	-1	-1	-1	252	
258	-1	-1	-1	-1	-1	-1	-1	-1	-1	252	
258	-1	-1	-1	-1	-1	-1	-1	-1	-1	252	
258	-1	-1	-1	-1	-1	-1	-1	-1	-1	252	
258	-1	-1	-1	-1	-1	-1	-1	-1	-1	252	
258	-1	-1	-1	-1	-1	-1	-1	-1	-1	252	
258	-1	-1	-1	-1	-1	-1	-1	-1	-1	252	
258	-1	-1	-1	-1	-1	-1	-1	-1	-1	252	
258	-1	-1	-1	-1	-1	-1	-1	-1	-1	252	
258	-1	-1	-1	-1	-1	-1	-1	-1	-1	252	
258	-1	-1	-1	-1	-1	-1	-1	-1	-1	252	
258	-1	-1	-1	-1	-1	-1	-1	-1	-1	252	
258	-1	-1	-1	-1	-1	-1	-1	-1	-1	252	
258	-1	-1	-1	-1	-1	-1	-1	-1	-1	252	
258	-1	-1	-1	-1	-1	-1	-1	-1	-1	252	
258	-1	-1	-1	-1	-1	-1	-1	-1	-1	252	
258	-1	-1	-1	-1	-1	-1	-1	-1	-1	252	
258	-1	-1	-1	-1	-1	-1	-1	-1	-1	252	
258	-1	-1	-1	-1	-1	-1	-1	-1	-1	252	
258	-1	-1	-1	-1	-1	-1	-1	-1	-1	252	
258	-1	-1	-1	-1	-1	-1	-1	-1	-1	252	
258	-1	-1	-1	-1	-1	-1	-1	-1	-1	252	
258	-1	-1	-1	-1	-1	-1	-1	-1	-1	252	
258	-1	-1	-1	-1	-1	-1	-1	-1	-1	252	
258	-1	-1	-1	-1	-1	-1	-1	-1	-1	252	
258	-1	-1	-1	-1	-1	-1	-1	-1	-1	252	
258	-1	-1	-1	-1	-1	-1	-1	-1	-1	252	
258	-1	-1	-1	-1	-1	-1	-1	-1	-1	252	
258	-1	-1	-1	-1	-1	-1	-1	-1	-1	252	
258	-1	-1	-1	-1	-1	-1	-1	-1	-1	252	
258	-1	-1	-1	-1	-1	-1	-1	-1	-1	252	
258	-1	-1	-1	-1	-1	-1	-1	-1	-1	252	
258	-1	-1	-1	-1	-1	-1	-1	-1	-1	252	
258	-1	-1	-1	-1	-1	-1	-1	-1	-1	252	
258	-1	-1	-1	-1	-1	-1	-1	-1	-1	252	
258	-1	-1	-1	-1	-1	-1	-1	-1	-1	252	
258	-1	-1	-1	-1	-1	-1	-1	-1	-1	252	
258	-1	-1	-1	-1	-1	-1	-1	-1	-1	252	
258	-1	-1	-1	-1	-1	-1	-1	-1	-1	252	
258	-1	-1	-1	-1	-1	-1	-1	-1	-1	252	
258	-1	-1	-1	-1	-1	-1	-1	-1	-1	252	
258	-1	-1	-1	-1	-1	-1	-1	-1	-1	252	
258	-1	-1	-1	-1	-1	-1	-1	-1	-1	252	
258	-1	-1	-1	-1	-1	-1	-1	-1	-1	252	
258	-1	-1	-1	-1	-1	-1	-1	-1	-1	252	
258	-1	-1	-1	-1	-1	-1	-1	-1	-1	252	
258	-1	-1	-1	-1	-1	-1	-1	-1	-1	252	
258	-1	-1	-1	-1	-1	-1	-1	-1	-1	252	
258	-1	-1	-1	-1	-1	-1	-1	-1	-1	252	
258	-1	-1	-1	-1	-1	-1	-1	-1	-1	252	
258	-1	-1	-1	-1	-1	-1	-1	-1	-1	252	
258	-1	-1	-1	-1	-1	-1	-1	-1	-1	252	
258	-1	-1	-1	-1	-1	-1	-1	-1	-1	252	
258	-1	-1	-1	-1	-1	-1	-1	-1	-1	252	
258	-1	-1	-1	-1	-1	-1	-1	-1	-1	252	
258	-1	-1	-1	-1	-1	-1	-1	-1	-1	252	
258	-1	-1	-1	-1	-1	-1	-1	-1	-1	252	
258	-1	-1	-1	-1	-1	-1	-1	-1	-1	252	
258	-1	-1	-1	-1	-1	-1	-1	-1	-1	252	
258	-1	-1	-1	-1	-1	-1	-1	-1	-1	252	
258	-1	-1	-1	-1	-1	-1	-1	-1	-1	252	
258	-1	-1	-1	-1	-1	-1	-1	-1	-1	252	
258	-1	-1	-1	-1	-1	-1	-1	-1	-1	252	
-1	-1	-1	-1	-1	-1	-1	-1	-1	-1	-1	
-1	-1	-1	-1	-1	-1	-1	-1	-1	-1	-1	
-1	-1	-1	-1	-1	-1	-1	-1	-1	-1	-1	
-1	-1	-1	-1	-1	-1	-1	-1	-1	-1	-1	
-1	-1	-1	-1	-1	-1	-1	-1	-1	-1	-1	
-------------------------Number of TCAM Overflow occurence-----------------
-1
-1
-1
-1
-1
-1
-1
0
4
7
11
27
44
64
73
85
99
109
122
142
154
164
172
183
196
207
214
216
221
225
232
237
244
248
251
252
252
252
252
252
252
252
252
252
252
252
252
252
252
252
252
252
252
252
252
252
252
252
252
252
252
252
252
252
252
252
252
252
252
252
252
252
252
252
252
252
252
252
252
252
252
252
252
252
252
252
252
252
252
252
252
252
252
252
252
252
252
252
252
252
252
252
252
252
252
-1
-1
-1
-1
-1
