-------------------------Distribution of TCAM Usage------------------------
297	-1	-1	-1	-1	-1	-1	-1	-1	-1	-1	
325	-1	-1	-1	-1	-1	-1	-1	-1	-1	-1	
331	1	-1	-1	-1	-1	-1	-1	-1	-1	-1	
333	0	0	-1	-1	-1	-1	-1	-1	-1	-1	
336	0	-1	0	-1	-1	-1	-1	-1	-1	-1	
338	0	-1	-1	-1	-1	-1	-1	-1	-1	-1	
337	0	-1	-1	-1	-1	-1	-1	-1	-1	-1	
337	1	-1	0	-1	-1	-1	-1	-1	-1	-1	
338	1	-1	-1	-1	-1	-1	-1	-1	-1	-1	
339	1	-1	-1	-1	-1	-1	-1	-1	-1	-1	
339	1	-1	-1	-1	-1	-1	-1	-1	-1	-1	
339	1	-1	-1	-1	-1	-1	-1	-1	-1	-1	
336	3	-1	0	-1	-1	-1	-1	-1	-1	-1	
336	2	-1	-1	-1	-1	-1	-1	-1	-1	-1	
335	0	-1	-1	-1	-1	-1	-1	-1	-1	-1	
337	0	0	-1	-1	-1	-1	-1	-1	-1	-1	
335	1	0	-1	-1	-1	-1	-1	-1	-1	-1	
335	1	0	-1	-1	-1	-1	-1	-1	-1	-1	
335	2	-1	-1	-1	-1	-1	-1	-1	-1	-1	
336	1	-1	-1	-1	-1	-1	-1	-1	-1	-1	
336	1	-1	0	-1	-1	-1	-1	-1	-1	-1	
334	2	-1	-1	-1	-1	-1	-1	-1	-1	-1	
336	0	0	0	-1	-1	-1	-1	-1	-1	-1	
335	1	0	-1	-1	-1	-1	-1	-1	-1	-1	
335	2	-1	0	-1	-1	-1	-1	-1	-1	-1	
336	2	-1	-1	-1	-1	-1	-1	-1	-1	-1	
336	1	0	-1	-1	-1	-1	-1	-1	-1	-1	
335	2	-1	-1	-1	-1	-1	-1	-1	-1	-1	
336	2	-1	-1	-1	-1	-1	-1	-1	-1	-1	
337	2	-1	-1	-1	-1	-1	-1	-1	-1	-1	
338	2	-1	-1	-1	-1	-1	-1	-1	-1	-1	
338	2	-1	-1	-1	-1	-1	-1	-1	-1	-1	
338	2	-1	-1	-1	-1	-1	-1	-1	-1	-1	
337	2	-1	-1	-1	-1	-1	-1	-1	-1	-1	
337	2	-1	0	-1	-1	-1	-1	-1	-1	-1	
339	1	-1	0	-1	-1	-1	-1	-1	-1	-1	
338	2	0	-1	-1	-1	-1	-1	-1	-1	-1	
339	1	0	-1	-1	-1	-1	-1	-1	-1	-1	
337	1	-1	-1	-1	-1	-1	-1	-1	-1	-1	
336	1	-1	-1	-1	-1	-1	-1	-1	-1	-1	
335	2	-1	-1	-1	-1	-1	-1	-1	-1	-1	
336	2	-1	-1	-1	-1	-1	-1	-1	-1	-1	
337	1	-1	-1	-1	-1	-1	-1	-1	-1	-1	
337	1	-1	-1	-1	-1	-1	-1	-1	-1	-1	
337	1	-1	-1	-1	-1	-1	-1	-1	-1	-1	
336	1	-1	-1	-1	-1	-1	-1	-1	-1	-1	
336	1	-1	-1	-1	-1	-1	-1	-1	-1	-1	
334	2	-1	-1	-1	-1	-1	-1	-1	-1	-1	
334	2	-1	-1	-1	-1	-1	-1	-1	-1	-1	
334	3	-1	-1	-1	-1	-1	-1	-1	-1	-1	
335	3	-1	-1	-1	-1	-1	-1	-1	-1	-1	
338	1	-1	-1	-1	-1	-1	-1	-1	-1	-1	
338	1	0	-1	-1	-1	-1	-1	-1	-1	-1	
-1	-1	-1	-1	-1	-1	-1	-1	-1	-1	-1	
-1	-1	-1	-1	-1	-1	-1	-1	-1	-1	-1	
-1	-1	-1	-1	-1	-1	-1	-1	-1	-1	-1	
-1	-1	-1	-1	-1	-1	-1	-1	-1	-1	-1	
-1	-1	-1	-1	-1	-1	-1	-1	-1	-1	-1	
-1	-1	-1	-1	-1	-1	-1	-1	-1	-1	-1	
-1	-1	-1	-1	-1	-1	-1	-1	-1	-1	-1	
-1	-1	-1	-1	-1	-1	-1	-1	-1	-1	-1	
-1	-1	-1	-1	-1	-1	-1	-1	-1	-1	-1	
-1	-1	-1	-1	-1	-1	-1	-1	-1	-1	-1	
-1	-1	-1	-1	-1	-1	-1	-1	-1	-1	-1	
-1	-1	-1	-1	-1	-1	-1	-1	-1	-1	-1	
-1	-1	-1	-1	-1	-1	-1	-1	-1	-1	-1	
-1	-1	-1	-1	-1	-1	-1	-1	-1	-1	-1	
-1	-1	-1	-1	-1	-1	-1	-1	-1	-1	-1	
-1	-1	-1	-1	-1	-1	-1	-1	-1	-1	-1	
-1	-1	-1	-1	-1	-1	-1	-1	-1	-1	-1	
-1	-1	-1	-1	-1	-1	-1	-1	-1	-1	-1	
-1	-1	-1	-1	-1	-1	-1	-1	-1	-1	-1	
-1	-1	-1	-1	-1	-1	-1	-1	-1	-1	-1	
-1	-1	-1	-1	-1	-1	-1	-1	-1	-1	-1	
-1	-1	-1	-1	-1	-1	-1	-1	-1	-1	-1	
-1	-1	-1	-1	-1	-1	-1	-1	-1	-1	-1	
-1	-1	-1	-1	-1	-1	-1	-1	-1	-1	-1	
-1	-1	-1	-1	-1	-1	-1	-1	-1	-1	-1	
-1	-1	-1	-1	-1	-1	-1	-1	-1	-1	-1	
-1	-1	-1	-1	-1	-1	-1	-1	-1	-1	-1	
-1	-1	-1	-1	-1	-1	-1	-1	-1	-1	-1	
-1	-1	-1	-1	-1	-1	-1	-1	-1	-1	-1	
-1	-1	-1	-1	-1	-1	-1	-1	-1	-1	-1	
-1	-1	-1	-1	-1	-1	-1	-1	-1	-1	-1	
-1	-1	-1	-1	-1	-1	-1	-1	-1	-1	-1	
-1	-1	-1	-1	-1	-1	-1	-1	-1	-1	-1	
-1	-1	-1	-1	-1	-1	-1	-1	-1	-1	-1	
-1	-1	-1	-1	-1	-1	-1	-1	-1	-1	-1	
-1	-1	-1	-1	-1	-1	-1	-1	-1	-1	-1	
-1	-1	-1	-1	-1	-1	-1	-1	-1	-1	-1	
-1	-1	-1	-1	-1	-1	-1	-1	-1	-1	-1	
-1	-1	-1	-1	-1	-1	-1	-1	-1	-1	-1	
-1	-1	-1	-1	-1	-1	-1	-1	-1	-1	-1	
-1	-1	-1	-1	-1	-1	-1	-1	-1	-1	-1	
-1	-1	-1	-1	-1	-1	-1	-1	-1	-1	-1	
-1	-1	-1	-1	-1	-1	-1	-1	-1	-1	-1	
-1	-1	-1	-1	-1	-1	-1	-1	-1	-1	-1	
-1	-1	-1	-1	-1	-1	-1	-1	-1	-1	-1	
-1	-1	-1	-1	-1	-1	-1	-1	-1	-1	-1	
-1	-1	-1	-1	-1	-1	-1	-1	-1	-1	-1	
-1	-1	-1	-1	-1	-1	-1	-1	-1	-1	-1	
-1	-1	-1	-1	-1	-1	-1	-1	-1	-1	-1	
-1	-1	-1	-1	-1	-1	-1	-1	-1	-1	-1	
-1	-1	-1	-1	-1	-1	-1	-1	-1	-1	-1	
-1	-1	-1	-1	-1	-1	-1	-1	-1	-1	-1	
-1	-1	-1	-1	-1	-1	-1	-1	-1	-1	-1	
-1	-1	-1	-1	-1	-1	-1	-1	-1	-1	-1	
-1	-1	-1	-1	-1	-1	-1	-1	-1	-1	-1	
-1	-1	-1	-1	-1	-1	-1	-1	-1	-1	-1	
-1	-1	-1	-1	-1	-1	-1	-1	-1	-1	-1	
-------------------------Number of TCAM Overflow occurence-----------------
-1
-1
-1
-1
-1
-1
-1
-1
-1
-1
-1
-1
-1
-1
-1
-1
-1
-1
-1
-1
-1
-1
-1
-1
-1
-1
-1
-1
-1
-1
-1
-1
-1
-1
-1
-1
-1
-1
-1
-1
-1
-1
-1
-1
-1
-1
-1
-1
-1
-1
-1
-1
-1
-1
-1
-1
-1
-1
-1
-1
-1
-1
-1
-1
-1
-1
-1
-1
-1
-1
-1
-1
-1
-1
-1
-1
-1
-1
-1
-1
-1
-1
-1
-1
-1
-1
-1
-1
-1
-1
-1
-1
-1
-1
-1
-1
-1
-1
-1
-1
-1
-1
-1
-1
-1
-1
-1
-1
-1
-1
