0	0	1	6	2000	1
1	1	0	6	2000	1
2	0	2	6	2000	1
3	2	0	6	2000	1
4	0	3	12	1000	1
5	3	0	12	1000	1
6	0	4	12	1000	1
7	4	0	12	1000	1
8	0	5	6	2000	1
9	5	0	6	2000	1
10	0	6	6	2000	1
11	6	0	6	2000	1
12	0	7	6	2000	1
13	7	0	6	2000	1
14	0	8	6	2000	1
15	8	0	6	2000	1
16	0	9	12	1000	1
17	9	0	12	1000	1
18	0	10	6	2000	1
19	10	0	6	2000	1
20	0	11	6	2000	1
21	11	0	6	2000	1
22	0	12	12	1000	1
23	12	0	12	1000	1
24	0	13	12	1000	1
25	13	0	12	1000	1
26	0	14	12	1000	1
27	14	0	12	1000	1
28	0	15	12	1000	1
29	15	0	12	1000	1
30	0	16	12	1000	1
31	16	0	12	1000	1
32	0	17	12	1000	1
33	17	0	12	1000	1
34	0	18	6	2000	1
35	18	0	6	2000	1
36	0	19	12	1000	1
37	19	0	12	1000	1
38	0	20	12	1000	1
39	20	0	12	1000	1
40	0	21	12	1000	1
41	21	0	12	1000	1
42	0	22	12	1000	1
43	22	0	12	1000	1
44	0	23	6	2000	1
45	23	0	6	2000	1
46	0	24	6	2000	1
47	24	0	6	2000	1
48	0	25	12	1000	1
49	25	0	12	1000	1
50	0	26	6	2000	1
51	26	0	6	2000	1
52	0	27	12	1000	1
53	27	0	12	1000	1
54	0	28	12	1000	1
55	28	0	12	1000	1
56	0	29	12	1000	1
57	29	0	12	1000	1
58	0	30	4	3000	1
59	30	0	4	3000	1
60	0	31	3	4000	1
61	31	0	3	4000	1
62	0	32	4	3000	1
63	32	0	4	3000	1
64	0	33	4	3000	1
65	33	0	4	3000	1
66	0	34	3	4000	1
67	34	0	3	4000	1
68	0	35	12	1000	1
69	35	0	12	1000	1
70	0	36	12	1000	1
71	36	0	12	1000	1
72	0	37	6	2000	1
73	37	0	6	2000	1
74	0	38	12	1000	1
75	38	0	12	1000	1
76	0	39	12	1000	1
77	39	0	12	1000	1
78	0	40	12	1000	1
79	40	0	12	1000	1
80	0	41	12	1000	1
81	41	0	12	1000	1
82	0	42	12	1000	1
83	42	0	12	1000	1
84	0	43	6	2000	1
85	43	0	6	2000	1
86	0	44	12	1000	1
87	44	0	12	1000	1
88	0	45	6	2000	1
89	45	0	6	2000	1
90	0	46	12	1000	1
91	46	0	12	1000	1
92	0	47	12	1000	1
93	47	0	12	1000	1
94	0	48	12	1000	1
95	48	0	12	1000	1
96	0	49	6	2000	1
97	49	0	6	2000	1
98	0	50	6	2000	1
99	50	0	6	2000	1
100	0	51	12	1000	1
101	51	0	12	1000	1
102	0	52	6	2000	1
103	52	0	6	2000	1
104	0	53	12	1000	1
105	53	0	12	1000	1
106	0	54	12	1000	1
107	54	0	12	1000	1
108	0	55	12	1000	1
109	55	0	12	1000	1
110	0	56	12	1000	1
111	56	0	12	1000	1
112	0	57	12	1000	1
113	57	0	12	1000	1
114	0	58	12	1000	1
115	58	0	12	1000	1
116	0	59	12	1000	1
117	59	0	12	1000	1
118	0	60	12	1000	1
119	60	0	12	1000	1
120	0	61	12	1000	1
121	61	0	12	1000	1
122	0	62	12	1000	1
123	62	0	12	1000	1
124	0	63	12	1000	1
125	63	0	12	1000	1
126	0	64	12	1000	1
127	64	0	12	1000	1
128	0	65	12	1000	1
129	65	0	12	1000	1
130	0	66	12	1000	1
131	66	0	12	1000	1
132	0	67	12	1000	1
133	67	0	12	1000	1
134	25	68	12	1000	1
135	68	25	12	1000	1
136	25	41	12	1000	1
137	41	25	12	1000	1
138	69	70	12	1000	1
139	70	69	12	1000	1
140	71	34	12	1000	1
141	34	71	12	1000	1
142	71	72	12	1000	1
143	72	71	12	1000	1
144	73	74	12	1000	1
145	74	73	12	1000	1
146	73	75	12	1000	1
147	75	73	12	1000	1
148	76	77	12	1000	1
149	77	76	12	1000	1
150	78	66	12	1000	1
151	66	78	12	1000	1
152	78	67	12	1000	1
153	67	78	12	1000	1
154	79	41	12	1000	1
155	41	79	12	1000	1
156	80	31	12	1000	1
157	31	80	12	1000	1
158	81	68	12	1000	1
159	68	81	12	1000	1
160	81	82	12	1000	1
161	82	81	12	1000	1
162	83	66	12	1000	1
163	66	83	12	1000	1
164	83	67	12	1000	1
165	67	83	12	1000	1
166	84	68	12	1000	1
167	68	84	12	1000	1
168	84	65	12	1000	1
169	65	84	12	1000	1
170	84	85	12	1000	1
171	85	84	12	1000	1
172	86	87	12	1000	1
173	87	86	12	1000	1
174	86	41	12	1000	1
175	41	86	12	1000	1
176	86	88	12	1000	1
177	88	86	12	1000	1
178	89	68	12	1000	1
179	68	89	12	1000	1
180	89	90	12	1000	1
181	90	89	12	1000	1
182	91	37	12	1000	1
183	37	91	12	1000	1
184	92	68	12	1000	1
185	68	92	12	1000	1
186	50	88	12	1000	1
187	88	50	12	1000	1
188	3	31	6	2000	1
189	31	3	6	2000	1
190	3	39	12	1000	1
191	39	3	12	1000	1
192	3	93	12	1000	1
193	93	3	12	1000	1
194	23	22	12	1000	1
195	22	23	12	1000	1
196	94	66	12	1000	1
197	66	94	12	1000	1
198	95	68	12	1000	1
199	68	95	12	1000	1
200	95	60	12	1000	1
201	60	95	12	1000	1
202	95	96	12	1000	1
203	96	95	12	1000	1
204	97	65	12	1000	1
205	65	97	12	1000	1
206	98	41	12	1000	1
207	41	98	12	1000	1
208	99	31	12	1000	1
209	31	99	12	1000	1
210	99	68	12	1000	1
211	68	99	12	1000	1
212	100	70	12	1000	1
213	70	100	12	1000	1
214	29	66	12	1000	1
215	66	29	12	1000	1
216	101	31	12	1000	1
217	31	101	12	1000	1
218	102	16	12	1000	1
219	16	102	12	1000	1
220	102	41	12	1000	1
221	41	102	12	1000	1
222	103	34	12	1000	1
223	34	103	12	1000	1
224	103	104	12	1000	1
225	104	103	12	1000	1
226	105	106	12	1000	1
227	106	105	12	1000	1
228	107	41	12	1000	1
229	41	107	12	1000	1
230	40	108	6	2000	1
231	108	40	6	2000	1
232	40	109	12	1000	1
233	109	40	12	1000	1
234	40	110	6	2000	1
235	110	40	6	2000	1
236	40	31	6	2000	1
237	31	40	6	2000	1
238	40	33	6	2000	1
239	33	40	6	2000	1
240	40	111	12	1000	1
241	111	40	12	1000	1
242	112	113	12	1000	1
243	113	112	12	1000	1
244	112	114	12	1000	1
245	114	112	12	1000	1
246	112	115	12	1000	1
247	115	112	12	1000	1
248	116	37	12	1000	1
249	37	116	12	1000	1
250	117	31	12	1000	1
251	31	117	12	1000	1
252	118	31	12	1000	1
253	31	118	12	1000	1
254	118	32	12	1000	1
255	32	118	12	1000	1
256	118	119	12	1000	1
257	119	118	12	1000	1
258	120	121	12	1000	1
259	121	120	12	1000	1
260	120	31	12	1000	1
261	31	120	12	1000	1
262	122	68	12	1000	1
263	68	122	12	1000	1
264	122	36	12	1000	1
265	36	122	12	1000	1
266	122	39	12	1000	1
267	39	122	12	1000	1
268	123	124	12	1000	1
269	124	123	12	1000	1
270	123	32	12	1000	1
271	32	123	12	1000	1
272	123	34	12	1000	1
273	34	123	12	1000	1
274	123	39	12	1000	1
275	39	123	12	1000	1
276	115	68	6	2000	1
277	68	115	6	2000	1
278	125	60	12	1000	1
279	60	125	12	1000	1
280	126	127	12	1000	1
281	127	126	12	1000	1
282	126	68	12	1000	1
283	68	126	12	1000	1
284	126	128	12	1000	1
285	128	126	12	1000	1
286	126	129	12	1000	1
287	129	126	12	1000	1
288	130	31	12	1000	1
289	31	130	12	1000	1
290	130	68	12	1000	1
291	68	130	12	1000	1
292	75	131	12	1000	1
293	131	75	12	1000	1
294	75	34	12	1000	1
295	34	75	12	1000	1
296	75	39	12	1000	1
297	39	75	12	1000	1
298	75	41	12	1000	1
299	41	75	12	1000	1
300	75	132	6	2000	1
301	132	75	6	2000	1
302	133	134	12	1000	1
303	134	133	12	1000	1
304	133	65	12	1000	1
305	65	133	12	1000	1
306	135	34	12	1000	1
307	34	135	12	1000	1
308	135	87	12	1000	1
309	87	135	12	1000	1
310	136	66	12	1000	1
311	66	136	12	1000	1
312	136	67	12	1000	1
313	67	136	12	1000	1
314	137	31	12	1000	1
315	31	137	12	1000	1
316	137	33	12	1000	1
317	33	137	12	1000	1
318	68	7	12	1000	1
319	7	68	12	1000	1
320	68	138	12	1000	1
321	138	68	12	1000	1
322	68	139	12	1000	1
323	139	68	12	1000	1
324	68	140	12	1000	1
325	140	68	12	1000	1
326	68	141	12	1000	1
327	141	68	12	1000	1
328	68	142	6	2000	1
329	142	68	6	2000	1
330	68	121	12	1000	1
331	121	68	12	1000	1
332	68	143	12	1000	1
333	143	68	12	1000	1
334	68	144	12	1000	1
335	144	68	12	1000	1
336	68	21	12	1000	1
337	21	68	12	1000	1
338	68	145	12	1000	1
339	145	68	12	1000	1
340	68	146	12	1000	1
341	146	68	12	1000	1
342	68	147	12	1000	1
343	147	68	12	1000	1
344	68	148	12	1000	1
345	148	68	12	1000	1
346	68	149	6	2000	1
347	149	68	6	2000	1
348	68	150	12	1000	1
349	150	68	12	1000	1
350	68	106	12	1000	1
351	106	68	12	1000	1
352	68	41	3	4000	1
353	41	68	3	4000	1
354	68	151	12	1000	1
355	151	68	12	1000	1
356	68	152	12	1000	1
357	152	68	12	1000	1
358	68	153	4	3000	1
359	153	68	4	3000	1
360	68	154	12	1000	1
361	154	68	12	1000	1
362	68	88	12	1000	1
363	88	68	12	1000	1
364	68	74	12	1000	1
365	74	68	12	1000	1
366	68	155	12	1000	1
367	155	68	12	1000	1
368	68	156	12	1000	1
369	156	68	12	1000	1
370	68	157	12	1000	1
371	157	68	12	1000	1
372	68	70	12	1000	1
373	70	68	12	1000	1
374	68	129	12	1000	1
375	129	68	12	1000	1
376	68	77	12	1000	1
377	77	68	12	1000	1
378	68	158	12	1000	1
379	158	68	12	1000	1
380	68	64	4	3000	1
381	64	68	4	3000	1
382	68	65	6	2000	1
383	65	68	6	2000	1
384	68	159	6	2000	1
385	159	68	6	2000	1
386	68	67	12	1000	1
387	67	68	12	1000	1
388	68	119	12	1000	1
389	119	68	12	1000	1
390	160	85	12	1000	1
391	85	160	12	1000	1
392	160	159	12	1000	1
393	159	160	12	1000	1
394	150	60	6	2000	1
395	60	150	6	2000	1
396	48	161	6	2000	1
397	161	48	6	2000	1
398	48	31	6	2000	1
399	31	48	6	2000	1
400	48	32	12	1000	1
401	32	48	12	1000	1
402	48	33	12	1000	1
403	33	48	12	1000	1
404	48	34	12	1000	1
405	34	48	12	1000	1
406	48	36	12	1000	1
407	36	48	12	1000	1
408	48	38	12	1000	1
409	38	48	12	1000	1
410	48	39	12	1000	1
411	39	48	12	1000	1
412	48	41	12	1000	1
413	41	48	12	1000	1
414	48	47	12	1000	1
415	47	48	12	1000	1
416	48	162	6	2000	1
417	162	48	6	2000	1
418	48	163	6	2000	1
419	163	48	6	2000	1
420	129	34	6	2000	1
421	34	129	6	2000	1
422	129	128	6	2000	1
423	128	129	6	2000	1
424	164	33	12	1000	1
425	33	164	12	1000	1
426	165	36	12	1000	1
427	36	165	12	1000	1
428	165	38	12	1000	1
429	38	165	12	1000	1
430	165	41	12	1000	1
431	41	165	12	1000	1
432	165	128	4	3000	1
433	128	165	4	3000	1
434	143	166	6	2000	1
435	166	143	6	2000	1
436	143	32	6	2000	1
437	32	143	6	2000	1
438	144	20	12	1000	1
439	20	144	12	1000	1
440	144	41	4	3000	1
441	41	144	4	3000	1
442	167	168	12	1000	1
443	168	167	12	1000	1
444	155	169	12	1000	1
445	169	155	12	1000	1
446	134	36	12	1000	1
447	36	134	12	1000	1
448	134	41	12	1000	1
449	41	134	12	1000	1
450	134	61	12	1000	1
451	61	134	12	1000	1
452	134	170	12	1000	1
453	170	134	12	1000	1
454	171	172	12	1000	1
455	172	171	12	1000	1
456	171	39	12	1000	1
457	39	171	12	1000	1
458	171	96	12	1000	1
459	96	171	12	1000	1
460	146	173	12	1000	1
461	173	146	12	1000	1
462	146	34	12	1000	1
463	34	146	12	1000	1
464	146	41	12	1000	1
465	41	146	12	1000	1
466	146	44	12	1000	1
467	44	146	12	1000	1
468	146	96	12	1000	1
469	96	146	12	1000	1
470	174	175	12	1000	1
471	175	174	12	1000	1
472	176	177	12	1000	1
473	177	176	12	1000	1
474	172	96	6	2000	1
475	96	172	6	2000	1
476	178	179	12	1000	1
477	179	178	12	1000	1
478	178	180	12	1000	1
479	180	178	12	1000	1
480	178	157	12	1000	1
481	157	178	12	1000	1
482	38	181	6	2000	1
483	181	38	6	2000	1
484	38	19	12	1000	1
485	19	38	12	1000	1
486	38	182	6	2000	1
487	182	38	6	2000	1
488	38	183	12	1000	1
489	183	38	12	1000	1
490	38	184	4	3000	1
491	184	38	4	3000	1
492	38	185	12	1000	1
493	185	38	12	1000	1
494	38	27	12	1000	1
495	27	38	12	1000	1
496	38	28	12	1000	1
497	28	38	12	1000	1
498	38	31	6	2000	1
499	31	38	6	2000	1
500	38	32	6	2000	1
501	32	38	6	2000	1
502	38	34	6	2000	1
503	34	38	6	2000	1
504	38	36	12	1000	1
505	36	38	12	1000	1
506	38	37	12	1000	1
507	37	38	12	1000	1
508	38	186	6	2000	1
509	186	38	6	2000	1
510	38	187	6	2000	1
511	187	38	6	2000	1
512	38	39	12	1000	1
513	39	38	12	1000	1
514	38	188	12	1000	1
515	188	38	12	1000	1
516	38	41	12	1000	1
517	41	38	12	1000	1
518	38	42	12	1000	1
519	42	38	12	1000	1
520	38	44	12	1000	1
521	44	38	12	1000	1
522	38	189	6	2000	1
523	189	38	6	2000	1
524	38	93	12	1000	1
525	93	38	12	1000	1
526	38	190	6	2000	1
527	190	38	6	2000	1
528	38	45	12	1000	1
529	45	38	12	1000	1
530	38	46	12	1000	1
531	46	38	12	1000	1
532	38	47	12	1000	1
533	47	38	12	1000	1
534	38	191	12	1000	1
535	191	38	12	1000	1
536	38	192	12	1000	1
537	192	38	12	1000	1
538	38	51	12	1000	1
539	51	38	12	1000	1
540	38	53	12	1000	1
541	53	38	12	1000	1
542	38	193	12	1000	1
543	193	38	12	1000	1
544	38	56	12	1000	1
545	56	38	12	1000	1
546	38	57	12	1000	1
547	57	38	12	1000	1
548	38	58	12	1000	1
549	58	38	12	1000	1
550	38	61	12	1000	1
551	61	38	12	1000	1
552	38	65	12	1000	1
553	65	38	12	1000	1
554	38	66	12	1000	1
555	66	38	12	1000	1
556	38	67	12	1000	1
557	67	38	12	1000	1
558	194	41	12	1000	1
559	41	194	12	1000	1
560	195	41	12	1000	1
561	41	195	12	1000	1
562	41	196	6	2000	1
563	196	41	6	2000	1
564	41	13	12	1000	1
565	13	41	12	1000	1
566	41	197	12	1000	1
567	197	41	12	1000	1
568	41	19	12	1000	1
569	19	41	12	1000	1
570	41	20	12	1000	1
571	20	41	12	1000	1
572	41	21	12	1000	1
573	21	41	12	1000	1
574	41	198	12	1000	1
575	198	41	12	1000	1
576	41	22	12	1000	1
577	22	41	12	1000	1
578	41	199	12	1000	1
579	199	41	12	1000	1
580	41	200	12	1000	1
581	200	41	12	1000	1
582	41	183	12	1000	1
583	183	41	12	1000	1
584	41	148	6	2000	1
585	148	41	6	2000	1
586	41	27	12	1000	1
587	27	41	12	1000	1
588	41	28	12	1000	1
589	28	41	12	1000	1
590	41	31	4	3000	1
591	31	41	4	3000	1
592	41	32	6	2000	1
593	32	41	6	2000	1
594	41	33	6	2000	1
595	33	41	6	2000	1
596	41	34	6	2000	1
597	34	41	6	2000	1
598	41	36	12	1000	1
599	36	41	12	1000	1
600	41	37	12	1000	1
601	37	41	12	1000	1
602	41	87	4	3000	1
603	87	41	4	3000	1
604	41	201	6	2000	1
605	201	41	6	2000	1
606	41	39	12	1000	1
607	39	41	12	1000	1
608	41	104	12	1000	1
609	104	41	12	1000	1
610	41	42	12	1000	1
611	42	41	12	1000	1
612	41	43	6	2000	1
613	43	41	6	2000	1
614	41	93	12	1000	1
615	93	41	12	1000	1
616	41	45	12	1000	1
617	45	41	12	1000	1
618	41	47	12	1000	1
619	47	41	12	1000	1
620	41	202	12	1000	1
621	202	41	12	1000	1
622	41	191	12	1000	1
623	191	41	12	1000	1
624	41	203	12	1000	1
625	203	41	12	1000	1
626	41	51	12	1000	1
627	51	41	12	1000	1
628	41	53	12	1000	1
629	53	41	12	1000	1
630	41	180	12	1000	1
631	180	41	12	1000	1
632	41	204	12	1000	1
633	204	41	12	1000	1
634	41	56	12	1000	1
635	56	41	12	1000	1
636	41	169	12	1000	1
637	169	41	12	1000	1
638	41	205	12	1000	1
639	205	41	12	1000	1
640	41	57	12	1000	1
641	57	41	12	1000	1
642	41	58	12	1000	1
643	58	41	12	1000	1
644	41	156	6	2000	1
645	156	41	6	2000	1
646	41	157	12	1000	1
647	157	41	12	1000	1
648	41	61	12	1000	1
649	61	41	12	1000	1
650	41	82	12	1000	1
651	82	41	12	1000	1
652	41	96	12	1000	1
653	96	41	12	1000	1
654	41	64	12	1000	1
655	64	41	12	1000	1
656	41	65	12	1000	1
657	65	41	12	1000	1
658	41	85	12	1000	1
659	85	41	12	1000	1
660	41	66	12	1000	1
661	66	41	12	1000	1
662	41	67	12	1000	1
663	67	41	12	1000	1
664	65	31	12	1000	1
665	31	65	12	1000	1
666	65	32	12	1000	1
667	32	65	12	1000	1
668	65	33	12	1000	1
669	33	65	12	1000	1
670	65	34	12	1000	1
671	34	65	12	1000	1
672	65	36	12	1000	1
673	36	65	12	1000	1
674	65	39	12	1000	1
675	39	65	12	1000	1
676	65	93	12	1000	1
677	93	65	12	1000	1
678	65	47	12	1000	1
679	47	65	12	1000	1
680	65	56	12	1000	1
681	56	65	12	1000	1
682	65	206	6	2000	1
683	206	65	6	2000	1
684	65	67	12	1000	1
685	67	65	12	1000	1
686	161	66	12	1000	1
687	66	161	12	1000	1
688	207	87	12	1000	1
689	87	207	12	1000	1
690	207	70	12	1000	1
691	70	207	12	1000	1
692	132	74	12	1000	1
693	74	132	12	1000	1
694	208	209	12	1000	1
695	209	208	12	1000	1
696	210	211	12	1000	1
697	211	210	12	1000	1
698	211	177	12	1000	1
699	177	211	12	1000	1
700	212	177	12	1000	1
701	177	212	12	1000	1
702	213	177	12	1000	1
703	177	213	12	1000	1
704	200	182	12	1000	1
705	182	200	12	1000	1
706	200	34	12	1000	1
707	34	200	12	1000	1
708	200	59	12	1000	1
709	59	200	12	1000	1
710	200	214	12	1000	1
711	214	200	12	1000	1
712	184	188	12	1000	1
713	188	184	12	1000	1
714	184	43	6	2000	1
715	43	184	6	2000	1
716	175	180	12	1000	1
717	180	175	12	1000	1
718	175	157	12	1000	1
719	157	175	12	1000	1
720	215	31	12	1000	1
721	31	215	12	1000	1
722	215	214	12	1000	1
723	214	215	12	1000	1
724	28	32	12	1000	1
725	32	28	12	1000	1
726	28	34	12	1000	1
727	34	28	12	1000	1
728	28	36	12	1000	1
729	36	28	12	1000	1
730	28	39	12	1000	1
731	39	28	12	1000	1
732	28	47	12	1000	1
733	47	28	12	1000	1
734	28	177	6	2000	1
735	177	28	6	2000	1
736	28	56	12	1000	1
737	56	28	12	1000	1
738	180	32	12	1000	1
739	32	180	12	1000	1
740	180	34	12	1000	1
741	34	180	12	1000	1
742	180	216	12	1000	1
743	216	180	12	1000	1
744	180	217	4	3000	1
745	217	180	4	3000	1
746	180	218	12	1000	1
747	218	180	12	1000	1
748	180	64	12	1000	1
749	64	180	12	1000	1
750	219	66	12	1000	1
751	66	219	12	1000	1
752	85	31	12	1000	1
753	31	85	12	1000	1
754	85	34	12	1000	1
755	34	85	12	1000	1
756	67	32	12	1000	1
757	32	67	12	1000	1
758	67	34	12	1000	1
759	34	67	12	1000	1
760	67	39	12	1000	1
761	39	67	12	1000	1
762	67	47	12	1000	1
763	47	67	12	1000	1
764	67	56	12	1000	1
765	56	67	12	1000	1
766	67	66	12	1000	1
767	66	67	12	1000	1
768	220	221	12	1000	1
769	221	220	12	1000	1
770	113	32	6	2000	1
771	32	113	6	2000	1
772	113	39	12	1000	1
773	39	113	12	1000	1
774	148	60	12	1000	1
775	60	148	12	1000	1
776	31	222	6	2000	1
777	222	31	6	2000	1
778	31	223	6	2000	1
779	223	31	6	2000	1
780	31	224	6	2000	1
781	224	31	6	2000	1
782	31	225	6	2000	1
783	225	31	6	2000	1
784	31	226	6	2000	1
785	226	31	6	2000	1
786	31	227	6	2000	1
787	227	31	6	2000	1
788	31	4	6	2000	1
789	4	31	6	2000	1
790	31	228	6	2000	1
791	228	31	6	2000	1
792	31	229	12	1000	1
793	229	31	12	1000	1
794	31	230	6	2000	1
795	230	31	6	2000	1
796	31	231	6	2000	1
797	231	31	6	2000	1
798	31	6	6	2000	1
799	6	31	6	2000	1
800	31	232	6	2000	1
801	232	31	6	2000	1
802	31	233	12	1000	1
803	233	31	12	1000	1
804	31	234	6	2000	1
805	234	31	6	2000	1
806	31	235	6	2000	1
807	235	31	6	2000	1
808	31	236	12	1000	1
809	236	31	12	1000	1
810	31	237	6	2000	1
811	237	31	6	2000	1
812	31	238	6	2000	1
813	238	31	6	2000	1
814	31	239	6	2000	1
815	239	31	6	2000	1
816	31	13	12	1000	1
817	13	31	12	1000	1
818	31	240	12	1000	1
819	240	31	12	1000	1
820	31	241	12	1000	1
821	241	31	12	1000	1
822	31	15	12	1000	1
823	15	31	12	1000	1
824	31	242	6	2000	1
825	242	31	6	2000	1
826	31	243	4	3000	1
827	243	31	4	3000	1
828	31	244	12	1000	1
829	244	31	12	1000	1
830	31	16	12	1000	1
831	16	31	12	1000	1
832	31	245	6	2000	1
833	245	31	6	2000	1
834	31	246	6	2000	1
835	246	31	6	2000	1
836	31	19	12	1000	1
837	19	31	12	1000	1
838	31	20	12	1000	1
839	20	31	12	1000	1
840	31	247	6	2000	1
841	247	31	6	2000	1
842	31	22	12	1000	1
843	22	31	12	1000	1
844	31	248	12	1000	1
845	248	31	12	1000	1
846	31	199	12	1000	1
847	199	31	12	1000	1
848	31	173	4	3000	1
849	173	31	4	3000	1
850	31	249	12	1000	1
851	249	31	12	1000	1
852	31	250	12	1000	1
853	250	31	12	1000	1
854	31	251	6	2000	1
855	251	31	6	2000	1
856	31	252	6	2000	1
857	252	31	6	2000	1
858	31	185	12	1000	1
859	185	31	12	1000	1
860	31	109	6	2000	1
861	109	31	6	2000	1
862	31	253	6	2000	1
863	253	31	6	2000	1
864	31	27	12	1000	1
865	27	31	12	1000	1
866	31	254	6	2000	1
867	254	31	6	2000	1
868	31	255	4	3000	1
869	255	31	4	3000	1
870	31	256	12	1000	1
871	256	31	12	1000	1
872	31	32	2.4	5000	1
873	32	31	2.4	5000	1
874	31	33	3	4000	1
875	33	31	3	4000	1
876	31	34	2	6000	1
877	34	31	2	6000	1
878	31	35	12	1000	1
879	35	31	12	1000	1
880	31	36	6	2000	1
881	36	31	6	2000	1
882	31	37	6	2000	1
883	37	31	6	2000	1
884	31	186	4	3000	1
885	186	31	4	3000	1
886	31	257	6	2000	1
887	257	31	6	2000	1
888	31	258	12	1000	1
889	258	31	12	1000	1
890	31	39	6	2000	1
891	39	31	6	2000	1
892	31	188	3	4000	1
893	188	31	3	4000	1
894	31	42	6	2000	1
895	42	31	6	2000	1
896	31	43	4	3000	1
897	43	31	4	3000	1
898	31	93	12	1000	1
899	93	31	12	1000	1
900	31	190	3	4000	1
901	190	31	3	4000	1
902	31	46	12	1000	1
903	46	31	12	1000	1
904	31	47	12	1000	1
905	47	31	12	1000	1
906	31	202	12	1000	1
907	202	31	12	1000	1
908	31	191	12	1000	1
909	191	31	12	1000	1
910	31	259	4	3000	1
911	259	31	4	3000	1
912	31	260	4	3000	1
913	260	31	4	3000	1
914	31	261	12	1000	1
915	261	31	12	1000	1
916	31	262	12	1000	1
917	262	31	12	1000	1
918	31	263	6	2000	1
919	263	31	6	2000	1
920	31	264	12	1000	1
921	264	31	12	1000	1
922	31	51	12	1000	1
923	51	31	12	1000	1
924	31	53	12	1000	1
925	53	31	12	1000	1
926	31	54	12	1000	1
927	54	31	12	1000	1
928	31	265	4	3000	1
929	265	31	4	3000	1
930	31	266	6	2000	1
931	266	31	6	2000	1
932	31	57	12	1000	1
933	57	31	12	1000	1
934	31	60	6	2000	1
935	60	31	6	2000	1
936	31	61	12	1000	1
937	61	31	12	1000	1
938	31	170	4	3000	1
939	170	31	4	3000	1
940	31	96	12	1000	1
941	96	31	12	1000	1
942	31	267	6	2000	1
943	267	31	6	2000	1
944	31	63	12	1000	1
945	63	31	12	1000	1
946	31	64	6	2000	1
947	64	31	6	2000	1
948	31	268	4	3000	1
949	268	31	4	3000	1
950	186	269	6	2000	1
951	269	186	6	2000	1
952	186	199	12	1000	1
953	199	186	12	1000	1
954	186	270	12	1000	1
955	270	186	12	1000	1
956	186	168	12	1000	1
957	168	186	12	1000	1
958	186	271	6	2000	1
959	271	186	6	2000	1
960	186	272	6	2000	1
961	272	186	6	2000	1
962	186	273	12	1000	1
963	273	186	12	1000	1
964	186	188	12	1000	1
965	188	186	12	1000	1
966	186	274	6	2000	1
967	274	186	6	2000	1
968	186	190	12	1000	1
969	190	186	12	1000	1
970	186	45	12	1000	1
971	45	186	12	1000	1
972	186	192	12	1000	1
973	192	186	12	1000	1
974	186	275	12	1000	1
975	275	186	12	1000	1
976	11	261	12	1000	1
977	261	11	12	1000	1
978	177	276	6	2000	1
979	276	177	6	2000	1
980	177	277	12	1000	1
981	277	177	12	1000	1
982	72	278	4	3000	1
983	278	72	4	3000	1
984	72	275	12	1000	1
985	275	72	12	1000	1
986	72	279	12	1000	1
987	279	72	12	1000	1
988	72	280	12	1000	1
989	280	72	12	1000	1
990	72	64	6	2000	1
991	64	72	6	2000	1
992	218	32	6	2000	1
993	32	218	6	2000	1
994	218	157	12	1000	1
995	157	218	12	1000	1
996	266	179	12	1000	1
997	179	266	12	1000	1
998	266	281	6	2000	1
999	281	266	6	2000	1
1000	266	282	12	1000	1
1001	282	266	12	1000	1
1002	281	265	6	2000	1
1003	265	281	6	2000	1
1004	281	282	12	1000	1
1005	282	281	12	1000	1
1006	265	283	6	2000	1
1007	283	265	6	2000	1
1008	265	282	12	1000	1
1009	282	265	12	1000	1
1010	216	284	12	1000	1
1011	284	216	12	1000	1
1012	216	32	6	2000	1
1013	32	216	6	2000	1
1014	216	285	6	2000	1
1015	285	216	6	2000	1
1016	216	282	12	1000	1
1017	282	216	12	1000	1
1018	217	286	12	1000	1
1019	286	217	12	1000	1
1020	287	288	12	1000	1
1021	288	287	12	1000	1
1022	287	192	12	1000	1
1023	192	287	12	1000	1
1024	287	280	12	1000	1
1025	280	287	12	1000	1
1026	287	64	12	1000	1
1027	64	287	12	1000	1
1028	289	290	12	1000	1
1029	290	289	12	1000	1
1030	288	190	12	1000	1
1031	190	288	12	1000	1
1032	288	291	12	1000	1
1033	291	288	12	1000	1
1034	288	292	12	1000	1
1035	292	288	12	1000	1
1036	145	293	12	1000	1
1037	293	145	12	1000	1
1038	145	169	12	1000	1
1039	169	145	12	1000	1
1040	294	77	12	1000	1
1041	77	294	12	1000	1
1042	295	34	12	1000	1
1043	34	295	12	1000	1
1044	295	63	12	1000	1
1045	63	295	12	1000	1
1046	96	32	12	1000	1
1047	32	96	12	1000	1
1048	96	34	12	1000	1
1049	34	96	12	1000	1
1050	96	158	12	1000	1
1051	158	96	12	1000	1
1052	96	296	12	1000	1
1053	296	96	12	1000	1
1054	32	297	12	1000	1
1055	297	32	12	1000	1
1056	32	298	6	2000	1
1057	298	32	6	2000	1
1058	32	299	6	2000	1
1059	299	32	6	2000	1
1060	32	300	6	2000	1
1061	300	32	6	2000	1
1062	32	301	6	2000	1
1063	301	32	6	2000	1
1064	32	227	12	1000	1
1065	227	32	12	1000	1
1066	32	302	6	2000	1
1067	302	32	6	2000	1
1068	32	230	12	1000	1
1069	230	32	12	1000	1
1070	32	303	6	2000	1
1071	303	32	6	2000	1
1072	32	304	12	1000	1
1073	304	32	12	1000	1
1074	32	305	6	2000	1
1075	305	32	6	2000	1
1076	32	138	6	2000	1
1077	138	32	6	2000	1
1078	32	306	6	2000	1
1079	306	32	6	2000	1
1080	32	238	12	1000	1
1081	238	32	12	1000	1
1082	32	13	12	1000	1
1083	13	32	12	1000	1
1084	32	307	6	2000	1
1085	307	32	6	2000	1
1086	32	240	12	1000	1
1087	240	32	12	1000	1
1088	32	308	12	1000	1
1089	308	32	12	1000	1
1090	32	14	12	1000	1
1091	14	32	12	1000	1
1092	32	309	4	3000	1
1093	309	32	4	3000	1
1094	32	244	12	1000	1
1095	244	32	12	1000	1
1096	32	16	12	1000	1
1097	16	32	12	1000	1
1098	32	310	6	2000	1
1099	310	32	6	2000	1
1100	32	19	12	1000	1
1101	19	32	12	1000	1
1102	32	20	12	1000	1
1103	20	32	12	1000	1
1104	32	198	12	1000	1
1105	198	32	12	1000	1
1106	32	249	12	1000	1
1107	249	32	12	1000	1
1108	32	250	12	1000	1
1109	250	32	12	1000	1
1110	32	183	12	1000	1
1111	183	32	12	1000	1
1112	32	179	12	1000	1
1113	179	32	12	1000	1
1114	32	311	6	2000	1
1115	311	32	6	2000	1
1116	32	312	6	2000	1
1117	312	32	6	2000	1
1118	32	185	12	1000	1
1119	185	32	12	1000	1
1120	32	109	6	2000	1
1121	109	32	6	2000	1
1122	32	313	6	2000	1
1123	313	32	6	2000	1
1124	32	27	12	1000	1
1125	27	32	12	1000	1
1126	32	314	6	2000	1
1127	314	32	6	2000	1
1128	32	256	12	1000	1
1129	256	32	12	1000	1
1130	32	315	12	1000	1
1131	315	32	12	1000	1
1132	32	33	3	4000	1
1133	33	32	3	4000	1
1134	32	34	3	4000	1
1135	34	32	3	4000	1
1136	32	36	12	1000	1
1137	36	32	12	1000	1
1138	32	37	6	2000	1
1139	37	32	6	2000	1
1140	32	316	6	2000	1
1141	316	32	6	2000	1
1142	32	39	6	2000	1
1143	39	32	6	2000	1
1144	32	42	6	2000	1
1145	42	32	6	2000	1
1146	32	44	12	1000	1
1147	44	32	12	1000	1
1148	32	189	3	4000	1
1149	189	32	3	4000	1
1150	32	93	12	1000	1
1151	93	32	12	1000	1
1152	32	45	6	2000	1
1153	45	32	6	2000	1
1154	32	46	12	1000	1
1155	46	32	12	1000	1
1156	32	47	12	1000	1
1157	47	32	12	1000	1
1158	32	191	12	1000	1
1159	191	32	12	1000	1
1160	32	90	4	3000	1
1161	90	32	4	3000	1
1162	32	261	12	1000	1
1163	261	32	12	1000	1
1164	32	317	6	2000	1
1165	317	32	6	2000	1
1166	32	318	6	2000	1
1167	318	32	6	2000	1
1168	32	53	12	1000	1
1169	53	32	12	1000	1
1170	32	319	4	3000	1
1171	319	32	4	3000	1
1172	32	56	12	1000	1
1173	56	32	12	1000	1
1174	32	169	12	1000	1
1175	169	32	12	1000	1
1176	32	57	12	1000	1
1177	57	32	12	1000	1
1178	32	58	12	1000	1
1179	58	32	12	1000	1
1180	32	60	6	2000	1
1181	60	32	6	2000	1
1182	32	61	12	1000	1
1183	61	32	12	1000	1
1184	32	170	4	3000	1
1185	170	32	4	3000	1
1186	32	62	12	1000	1
1187	62	32	12	1000	1
1188	32	77	12	1000	1
1189	77	32	12	1000	1
1190	32	320	12	1000	1
1191	320	32	12	1000	1
1192	32	321	12	1000	1
1193	321	32	12	1000	1
1194	32	64	12	1000	1
1195	64	32	12	1000	1
1196	32	66	12	1000	1
1197	66	32	12	1000	1
1198	147	34	6	2000	1
1199	34	147	6	2000	1
1200	273	43	6	2000	1
1201	43	273	6	2000	1
1202	322	188	12	1000	1
1203	188	322	12	1000	1
1204	322	275	12	1000	1
1205	275	322	12	1000	1
1206	322	323	12	1000	1
1207	323	322	12	1000	1
1208	322	279	12	1000	1
1209	279	322	12	1000	1
1210	205	34	12	1000	1
1211	34	205	12	1000	1
1212	205	324	12	1000	1
1213	324	205	12	1000	1
1214	205	280	12	1000	1
1215	280	205	12	1000	1
1216	255	203	12	1000	1
1217	203	255	12	1000	1
1218	255	58	12	1000	1
1219	58	255	12	1000	1
1220	325	326	6	2000	1
1221	326	325	6	2000	1
1222	325	188	6	2000	1
1223	188	325	6	2000	1
1224	325	327	6	2000	1
1225	327	325	6	2000	1
1226	325	54	6	2000	1
1227	54	325	6	2000	1
1228	325	275	12	1000	1
1229	275	325	12	1000	1
1230	325	279	12	1000	1
1231	279	325	12	1000	1
1232	328	329	12	1000	1
1233	329	328	12	1000	1
1234	149	169	12	1000	1
1235	169	149	12	1000	1
1236	330	47	12	1000	1
1237	47	330	12	1000	1
1238	330	60	12	1000	1
1239	60	330	12	1000	1
1240	331	47	12	1000	1
1241	47	331	12	1000	1
1242	296	47	6	2000	1
1243	47	296	6	2000	1
1244	332	47	12	1000	1
1245	47	332	12	1000	1
1246	333	47	12	1000	1
1247	47	333	12	1000	1
1248	334	47	12	1000	1
1249	47	334	12	1000	1
1250	335	47	12	1000	1
1251	47	335	12	1000	1
1252	335	154	12	1000	1
1253	154	335	12	1000	1
1254	336	47	12	1000	1
1255	47	336	12	1000	1
1256	336	337	12	1000	1
1257	337	336	12	1000	1
1258	338	66	12	1000	1
1259	66	338	12	1000	1
1260	277	66	6	2000	1
1261	66	277	6	2000	1
1262	272	168	12	1000	1
1263	168	272	12	1000	1
1264	272	339	6	2000	1
1265	339	272	6	2000	1
1266	340	47	12	1000	1
1267	47	340	12	1000	1
1268	340	323	12	1000	1
1269	323	340	12	1000	1
1270	47	341	6	2000	1
1271	341	47	6	2000	1
1272	47	27	12	1000	1
1273	27	47	12	1000	1
1274	47	34	12	1000	1
1275	34	47	12	1000	1
1276	47	36	12	1000	1
1277	36	47	12	1000	1
1278	47	37	12	1000	1
1279	37	47	12	1000	1
1280	47	39	12	1000	1
1281	39	47	12	1000	1
1282	47	42	12	1000	1
1283	42	47	12	1000	1
1284	47	45	12	1000	1
1285	45	47	12	1000	1
1286	47	46	12	1000	1
1287	46	47	12	1000	1
1288	47	191	12	1000	1
1289	191	47	12	1000	1
1290	47	203	12	1000	1
1291	203	47	12	1000	1
1292	47	53	12	1000	1
1293	53	47	12	1000	1
1294	47	56	12	1000	1
1295	56	47	12	1000	1
1296	47	57	12	1000	1
1297	57	47	12	1000	1
1298	47	58	12	1000	1
1299	58	47	12	1000	1
1300	342	321	12	1000	1
1301	321	342	12	1000	1
1302	342	64	12	1000	1
1303	64	342	12	1000	1
1304	284	179	12	1000	1
1305	179	284	12	1000	1
1306	329	343	6	2000	1
1307	343	329	6	2000	1
1308	329	344	6	2000	1
1309	344	329	6	2000	1
1310	329	345	6	2000	1
1311	345	329	6	2000	1
1312	329	319	3	4000	1
1313	319	329	3	4000	1
1314	36	233	12	1000	1
1315	233	36	12	1000	1
1316	36	140	6	2000	1
1317	140	36	6	2000	1
1318	36	346	6	2000	1
1319	346	36	6	2000	1
1320	36	13	12	1000	1
1321	13	36	12	1000	1
1322	36	19	12	1000	1
1323	19	36	12	1000	1
1324	36	183	12	1000	1
1325	183	36	12	1000	1
1326	36	347	6	2000	1
1327	347	36	6	2000	1
1328	36	185	12	1000	1
1329	185	36	12	1000	1
1330	36	27	12	1000	1
1331	27	36	12	1000	1
1332	36	33	12	1000	1
1333	33	36	12	1000	1
1334	36	34	12	1000	1
1335	34	36	12	1000	1
1336	36	348	6	2000	1
1337	348	36	6	2000	1
1338	36	37	12	1000	1
1339	37	36	12	1000	1
1340	36	39	12	1000	1
1341	39	36	12	1000	1
1342	36	42	12	1000	1
1343	42	36	12	1000	1
1344	36	44	12	1000	1
1345	44	36	12	1000	1
1346	36	189	12	1000	1
1347	189	36	12	1000	1
1348	36	93	12	1000	1
1349	93	36	12	1000	1
1350	36	45	12	1000	1
1351	45	36	12	1000	1
1352	36	46	12	1000	1
1353	46	36	12	1000	1
1354	36	51	12	1000	1
1355	51	36	12	1000	1
1356	36	53	12	1000	1
1357	53	36	12	1000	1
1358	36	56	12	1000	1
1359	56	36	12	1000	1
1360	36	57	12	1000	1
1361	57	36	12	1000	1
1362	36	58	12	1000	1
1363	58	36	12	1000	1
1364	36	60	12	1000	1
1365	60	36	12	1000	1
1366	36	61	12	1000	1
1367	61	36	12	1000	1
1368	36	77	12	1000	1
1369	77	36	12	1000	1
1370	36	63	12	1000	1
1371	63	36	12	1000	1
1372	36	66	12	1000	1
1373	66	36	12	1000	1
1374	187	349	6	2000	1
1375	349	187	6	2000	1
1376	187	168	12	1000	1
1377	168	187	12	1000	1
1378	139	33	6	2000	1
1379	33	139	6	2000	1
1380	188	248	12	1000	1
1381	248	188	12	1000	1
1382	188	183	12	1000	1
1383	183	188	12	1000	1
1384	188	253	12	1000	1
1385	253	188	12	1000	1
1386	188	350	6	2000	1
1387	350	188	6	2000	1
1388	188	351	12	1000	1
1389	351	188	12	1000	1
1390	188	190	12	1000	1
1391	190	188	12	1000	1
1392	188	352	12	1000	1
1393	352	188	12	1000	1
1394	188	192	12	1000	1
1395	192	188	12	1000	1
1396	188	353	6	2000	1
1397	353	188	6	2000	1
1398	188	354	12	1000	1
1399	354	188	12	1000	1
1400	188	355	12	1000	1
1401	355	188	12	1000	1
1402	188	193	12	1000	1
1403	193	188	12	1000	1
1404	188	56	12	1000	1
1405	56	188	12	1000	1
1406	188	221	12	1000	1
1407	221	188	12	1000	1
1408	188	59	12	1000	1
1409	59	188	12	1000	1
1410	188	290	6	2000	1
1411	290	188	6	2000	1
1412	240	356	6	2000	1
1413	356	240	6	2000	1
1414	357	131	12	1000	1
1415	131	357	12	1000	1
1416	357	62	12	1000	1
1417	62	357	12	1000	1
1418	90	358	6	2000	1
1419	358	90	6	2000	1
1420	90	359	6	2000	1
1421	359	90	6	2000	1
1422	90	360	12	1000	1
1423	360	90	12	1000	1
1424	56	183	12	1000	1
1425	183	56	12	1000	1
1426	56	34	12	1000	1
1427	34	56	12	1000	1
1428	56	37	12	1000	1
1429	37	56	12	1000	1
1430	56	44	12	1000	1
1431	44	56	12	1000	1
1432	56	93	12	1000	1
1433	93	56	12	1000	1
1434	56	319	12	1000	1
1435	319	56	12	1000	1
1436	56	58	12	1000	1
1437	58	56	12	1000	1
1438	54	34	6	2000	1
1439	34	54	6	2000	1
1440	54	39	12	1000	1
1441	39	54	12	1000	1
1442	54	42	12	1000	1
1443	42	54	12	1000	1
1444	54	354	12	1000	1
1445	354	54	12	1000	1
1446	54	292	6	2000	1
1447	292	54	6	2000	1
1448	275	183	12	1000	1
1449	183	275	12	1000	1
1450	275	361	12	1000	1
1451	361	275	12	1000	1
1452	275	43	12	1000	1
1453	43	275	12	1000	1
1454	275	362	12	1000	1
1455	362	275	12	1000	1
1456	275	352	12	1000	1
1457	352	275	12	1000	1
1458	275	204	12	1000	1
1459	204	275	12	1000	1
1460	275	363	12	1000	1
1461	363	275	12	1000	1
1462	275	55	12	1000	1
1463	55	275	12	1000	1
1464	275	279	12	1000	1
1465	279	275	12	1000	1
1466	275	221	12	1000	1
1467	221	275	12	1000	1
1468	275	364	12	1000	1
1469	364	275	12	1000	1
1470	87	141	12	1000	1
1471	141	87	12	1000	1
1472	87	142	12	1000	1
1473	142	87	12	1000	1
1474	87	365	6	2000	1
1475	365	87	6	2000	1
1476	87	366	6	2000	1
1477	366	87	6	2000	1
1478	87	189	12	1000	1
1479	189	87	12	1000	1
1480	87	46	12	1000	1
1481	46	87	12	1000	1
1482	290	367	6	2000	1
1483	367	290	6	2000	1
1484	290	368	12	1000	1
1485	368	290	12	1000	1
1486	181	369	6	2000	1
1487	369	181	6	2000	1
1488	370	320	12	1000	1
1489	320	370	12	1000	1
1490	371	372	12	1000	1
1491	372	371	12	1000	1
1492	198	373	6	2000	1
1493	373	198	6	2000	1
1494	374	375	12	1000	1
1495	375	374	12	1000	1
1496	374	152	12	1000	1
1497	152	374	12	1000	1
1498	374	153	12	1000	1
1499	153	374	12	1000	1
1500	374	60	6	2000	1
1501	60	374	6	2000	1
1502	163	376	12	1000	1
1503	376	163	12	1000	1
1504	93	13	12	1000	1
1505	13	93	12	1000	1
1506	93	377	6	2000	1
1507	377	93	6	2000	1
1508	93	19	12	1000	1
1509	19	93	12	1000	1
1510	93	22	12	1000	1
1511	22	93	12	1000	1
1512	93	378	6	2000	1
1513	378	93	6	2000	1
1514	93	183	12	1000	1
1515	183	93	12	1000	1
1516	93	185	12	1000	1
1517	185	93	12	1000	1
1518	93	379	12	1000	1
1519	379	93	12	1000	1
1520	93	27	12	1000	1
1521	27	93	12	1000	1
1522	93	34	6	2000	1
1523	34	93	6	2000	1
1524	93	37	12	1000	1
1525	37	93	12	1000	1
1526	93	39	12	1000	1
1527	39	93	12	1000	1
1528	93	111	6	2000	1
1529	111	93	6	2000	1
1530	93	43	12	1000	1
1531	43	93	12	1000	1
1532	93	44	12	1000	1
1533	44	93	12	1000	1
1534	93	189	12	1000	1
1535	189	93	12	1000	1
1536	93	45	12	1000	1
1537	45	93	12	1000	1
1538	93	46	12	1000	1
1539	46	93	12	1000	1
1540	93	57	12	1000	1
1541	57	93	12	1000	1
1542	93	61	12	1000	1
1543	61	93	12	1000	1
1544	37	380	6	2000	1
1545	380	37	6	2000	1
1546	37	236	12	1000	1
1547	236	37	12	1000	1
1548	37	381	12	1000	1
1549	381	37	12	1000	1
1550	37	382	12	1000	1
1551	382	37	12	1000	1
1552	37	383	6	2000	1
1553	383	37	6	2000	1
1554	37	384	6	2000	1
1555	384	37	6	2000	1
1556	37	33	12	1000	1
1557	33	37	12	1000	1
1558	37	34	12	1000	1
1559	34	37	12	1000	1
1560	37	385	12	1000	1
1561	385	37	12	1000	1
1562	37	39	12	1000	1
1563	39	37	12	1000	1
1564	386	312	12	1000	1
1565	312	386	12	1000	1
1566	386	201	12	1000	1
1567	201	386	12	1000	1
1568	386	387	12	1000	1
1569	387	386	12	1000	1
1570	377	246	12	1000	1
1571	246	377	12	1000	1
1572	315	33	12	1000	1
1573	33	315	12	1000	1
1574	388	389	6	2000	1
1575	389	388	6	2000	1
1576	388	313	12	1000	1
1577	313	388	12	1000	1
1578	388	274	12	1000	1
1579	274	388	12	1000	1
1580	168	280	12	1000	1
1581	280	168	12	1000	1
1582	168	64	12	1000	1
1583	64	168	12	1000	1
1584	30	119	12	1000	1
1585	119	30	12	1000	1
1586	53	379	12	1000	1
1587	379	53	12	1000	1
1588	53	33	12	1000	1
1589	33	53	12	1000	1
1590	53	34	12	1000	1
1591	34	53	12	1000	1
1592	53	39	12	1000	1
1593	39	53	12	1000	1
1594	53	390	6	2000	1
1595	390	53	6	2000	1
1596	53	318	12	1000	1
1597	318	53	12	1000	1
1598	53	221	6	2000	1
1599	221	53	6	2000	1
1600	221	192	12	1000	1
1601	192	221	12	1000	1
1602	221	279	12	1000	1
1603	279	221	12	1000	1
1604	221	209	12	1000	1
1605	209	221	12	1000	1
1606	221	391	6	2000	1
1607	391	221	6	2000	1
1608	249	392	12	1000	1
1609	392	249	12	1000	1
1610	393	394	12	1000	1
1611	394	393	12	1000	1
1612	393	33	4	3000	1
1613	33	393	4	3000	1
1614	393	286	6	2000	1
1615	286	393	6	2000	1
1616	393	395	12	1000	1
1617	395	393	12	1000	1
1618	189	34	2.4	5000	1
1619	34	189	2.4	5000	1
1620	189	39	6	2000	1
1621	39	189	6	2000	1
1622	339	396	6	2000	1
1623	396	339	6	2000	1
1624	55	34	12	1000	1
1625	34	55	12	1000	1
1626	55	193	12	1000	1
1627	193	55	12	1000	1
1628	55	397	6	2000	1
1629	397	55	6	2000	1
1630	55	279	12	1000	1
1631	279	55	12	1000	1
1632	39	13	12	1000	1
1633	13	39	12	1000	1
1634	39	398	6	2000	1
1635	398	39	6	2000	1
1636	39	17	12	1000	1
1637	17	39	12	1000	1
1638	39	19	12	1000	1
1639	19	39	12	1000	1
1640	39	22	12	1000	1
1641	22	39	12	1000	1
1642	39	199	12	1000	1
1643	199	39	12	1000	1
1644	39	250	12	1000	1
1645	250	39	12	1000	1
1646	39	183	12	1000	1
1647	183	39	12	1000	1
1648	39	185	12	1000	1
1649	185	39	12	1000	1
1650	39	27	12	1000	1
1651	27	39	12	1000	1
1652	39	399	6	2000	1
1653	399	39	6	2000	1
1654	39	400	12	1000	1
1655	400	39	12	1000	1
1656	39	33	6	2000	1
1657	33	39	6	2000	1
1658	39	34	6	2000	1
1659	34	39	6	2000	1
1660	39	106	12	1000	1
1661	106	39	12	1000	1
1662	39	42	12	1000	1
1663	42	39	12	1000	1
1664	39	43	12	1000	1
1665	43	39	12	1000	1
1666	39	44	12	1000	1
1667	44	39	12	1000	1
1668	39	45	12	1000	1
1669	45	39	12	1000	1
1670	39	46	12	1000	1
1671	46	39	12	1000	1
1672	39	202	12	1000	1
1673	202	39	12	1000	1
1674	39	191	12	1000	1
1675	191	39	12	1000	1
1676	39	203	12	1000	1
1677	203	39	12	1000	1
1678	39	401	4	3000	1
1679	401	39	4	3000	1
1680	39	402	6	2000	1
1681	402	39	6	2000	1
1682	39	262	12	1000	1
1683	262	39	12	1000	1
1684	39	51	12	1000	1
1685	51	39	12	1000	1
1686	39	204	6	2000	1
1687	204	39	6	2000	1
1688	39	57	12	1000	1
1689	57	39	12	1000	1
1690	39	372	12	1000	1
1691	372	39	12	1000	1
1692	39	58	12	1000	1
1693	58	39	12	1000	1
1694	39	61	12	1000	1
1695	61	39	12	1000	1
1696	39	403	6	2000	1
1697	403	39	6	2000	1
1698	39	64	12	1000	1
1699	64	39	12	1000	1
1700	39	66	12	1000	1
1701	66	39	12	1000	1
1702	199	404	6	2000	1
1703	404	199	6	2000	1
1704	199	319	12	1000	1
1705	319	199	12	1000	1
1706	199	279	12	1000	1
1707	279	199	12	1000	1
1708	398	57	12	1000	1
1709	57	398	12	1000	1
1710	152	375	12	1000	1
1711	375	152	12	1000	1
1712	350	45	6	2000	1
1713	45	350	6	2000	1
1714	350	319	12	1000	1
1715	319	350	12	1000	1
1716	405	183	12	1000	1
1717	183	405	12	1000	1
1718	43	406	6	2000	1
1719	406	43	6	2000	1
1720	43	407	6	2000	1
1721	407	43	6	2000	1
1722	43	408	12	1000	1
1723	408	43	12	1000	1
1724	43	409	6	2000	1
1725	409	43	6	2000	1
1726	43	410	6	2000	1
1727	410	43	6	2000	1
1728	43	254	12	1000	1
1729	254	43	12	1000	1
1730	43	33	6	2000	1
1731	33	43	6	2000	1
1732	43	34	4	3000	1
1733	34	43	4	3000	1
1734	43	351	6	2000	1
1735	351	43	6	2000	1
1736	43	192	12	1000	1
1737	192	43	12	1000	1
1738	43	279	12	1000	1
1739	279	43	12	1000	1
1740	190	406	12	1000	1
1741	406	190	12	1000	1
1742	190	408	12	1000	1
1743	408	190	12	1000	1
1744	190	411	12	1000	1
1745	411	190	12	1000	1
1746	190	270	12	1000	1
1747	270	190	12	1000	1
1748	190	412	6	2000	1
1749	412	190	6	2000	1
1750	190	33	4	3000	1
1751	33	190	4	3000	1
1752	190	413	12	1000	1
1753	413	190	12	1000	1
1754	190	414	6	2000	1
1755	414	190	6	2000	1
1756	190	192	12	1000	1
1757	192	190	12	1000	1
1758	190	415	12	1000	1
1759	415	190	12	1000	1
1760	190	354	12	1000	1
1761	354	190	12	1000	1
1762	190	204	12	1000	1
1763	204	190	12	1000	1
1764	190	363	4	3000	1
1765	363	190	4	3000	1
1766	190	355	12	1000	1
1767	355	190	12	1000	1
1768	190	397	6	2000	1
1769	397	190	6	2000	1
1770	190	416	6	2000	1
1771	416	190	6	2000	1
1772	190	323	12	1000	1
1773	323	190	12	1000	1
1774	190	279	12	1000	1
1775	279	190	12	1000	1
1776	190	417	12	1000	1
1777	417	190	12	1000	1
1778	414	354	12	1000	1
1779	354	414	12	1000	1
1780	354	418	6	2000	1
1781	418	354	6	2000	1
1782	415	419	12	1000	1
1783	419	415	12	1000	1
1784	415	420	12	1000	1
1785	420	415	12	1000	1
1786	183	33	12	1000	1
1787	33	183	12	1000	1
1788	183	279	12	1000	1
1789	279	183	12	1000	1
1790	192	248	12	1000	1
1791	248	192	12	1000	1
1792	192	421	12	1000	1
1793	421	192	12	1000	1
1794	192	422	12	1000	1
1795	422	192	12	1000	1
1796	192	352	12	1000	1
1797	352	192	12	1000	1
1798	192	291	12	1000	1
1799	291	192	12	1000	1
1800	192	323	12	1000	1
1801	323	192	12	1000	1
1802	192	423	12	1000	1
1803	423	192	12	1000	1
1804	349	424	6	2000	1
1805	424	349	6	2000	1
1806	362	402	6	2000	1
1807	402	362	6	2000	1
1808	362	279	6	2000	1
1809	279	362	6	2000	1
1810	362	425	12	1000	1
1811	425	362	12	1000	1
1812	416	426	12	1000	1
1813	426	416	12	1000	1
1814	416	427	6	2000	1
1815	427	416	6	2000	1
1816	416	428	12	1000	1
1817	428	416	12	1000	1
1818	82	62	12	1000	1
1819	62	82	12	1000	1
1820	24	429	12	1000	1
1821	429	24	12	1000	1
1822	154	317	12	1000	1
1823	317	154	12	1000	1
1824	430	252	12	1000	1
1825	252	430	12	1000	1
1826	430	34	12	1000	1
1827	34	430	12	1000	1
1828	430	257	12	1000	1
1829	257	430	12	1000	1
1830	15	431	6	2000	1
1831	431	15	6	2000	1
1832	191	22	12	1000	1
1833	22	191	12	1000	1
1834	191	429	12	1000	1
1835	429	191	12	1000	1
1836	191	254	12	1000	1
1837	254	191	12	1000	1
1838	191	34	12	1000	1
1839	34	191	12	1000	1
1840	191	202	12	1000	1
1841	202	191	12	1000	1
1842	268	394	12	1000	1
1843	394	268	12	1000	1
1844	268	376	6	2000	1
1845	376	268	6	2000	1
1846	268	395	12	1000	1
1847	395	268	12	1000	1
1848	19	432	6	2000	1
1849	432	19	6	2000	1
1850	19	33	12	1000	1
1851	33	19	12	1000	1
1852	433	14	12	1000	1
1853	14	433	12	1000	1
1854	34	297	12	1000	1
1855	297	34	12	1000	1
1856	34	434	6	2000	1
1857	434	34	6	2000	1
1858	34	435	6	2000	1
1859	435	34	6	2000	1
1860	34	436	6	2000	1
1861	436	34	6	2000	1
1862	34	437	6	2000	1
1863	437	34	6	2000	1
1864	34	438	6	2000	1
1865	438	34	6	2000	1
1866	34	439	6	2000	1
1867	439	34	6	2000	1
1868	34	228	12	1000	1
1869	228	34	12	1000	1
1870	34	440	12	1000	1
1871	440	34	12	1000	1
1872	34	441	6	2000	1
1873	441	34	6	2000	1
1874	34	304	12	1000	1
1875	304	34	12	1000	1
1876	34	442	6	2000	1
1877	442	34	6	2000	1
1878	34	443	6	2000	1
1879	443	34	6	2000	1
1880	34	9	6	2000	1
1881	9	34	6	2000	1
1882	34	444	6	2000	1
1883	444	34	6	2000	1
1884	34	237	6	2000	1
1885	237	34	6	2000	1
1886	34	239	12	1000	1
1887	239	34	12	1000	1
1888	34	445	6	2000	1
1889	445	34	6	2000	1
1890	34	13	12	1000	1
1891	13	34	12	1000	1
1892	34	308	12	1000	1
1893	308	34	12	1000	1
1894	34	14	12	1000	1
1895	14	34	12	1000	1
1896	34	17	12	1000	1
1897	17	34	12	1000	1
1898	34	20	12	1000	1
1899	20	34	12	1000	1
1900	34	22	12	1000	1
1901	22	34	12	1000	1
1902	34	248	12	1000	1
1903	248	34	12	1000	1
1904	34	127	6	2000	1
1905	127	34	6	2000	1
1906	34	311	12	1000	1
1907	311	34	12	1000	1
1908	34	446	12	1000	1
1909	446	34	12	1000	1
1910	34	447	6	2000	1
1911	447	34	6	2000	1
1912	34	382	6	2000	1
1913	382	34	6	2000	1
1914	34	448	6	2000	1
1915	448	34	6	2000	1
1916	34	185	12	1000	1
1917	185	34	12	1000	1
1918	34	114	4	3000	1
1919	114	34	4	3000	1
1920	34	27	12	1000	1
1921	27	34	12	1000	1
1922	34	426	2.4	5000	1
1923	426	34	2.4	5000	1
1924	34	384	4	3000	1
1925	384	34	4	3000	1
1926	34	400	4	3000	1
1927	400	34	4	3000	1
1928	34	449	6	2000	1
1929	449	34	6	2000	1
1930	34	33	4	3000	1
1931	33	34	4	3000	1
1932	34	450	6	2000	1
1933	450	34	6	2000	1
1934	34	451	6	2000	1
1935	451	34	6	2000	1
1936	34	42	6	2000	1
1937	42	34	6	2000	1
1938	34	46	12	1000	1
1939	46	34	12	1000	1
1940	34	452	4	3000	1
1941	452	34	4	3000	1
1942	34	360	6	2000	1
1943	360	34	6	2000	1
1944	34	261	12	1000	1
1945	261	34	12	1000	1
1946	34	262	12	1000	1
1947	262	34	12	1000	1
1948	34	264	12	1000	1
1949	264	34	12	1000	1
1950	34	317	6	2000	1
1951	317	34	6	2000	1
1952	34	193	6	2000	1
1953	193	34	6	2000	1
1954	34	57	12	1000	1
1955	57	34	12	1000	1
1956	34	58	12	1000	1
1957	58	34	12	1000	1
1958	34	61	12	1000	1
1959	61	34	12	1000	1
1960	34	453	6	2000	1
1961	453	34	6	2000	1
1962	34	454	4	3000	1
1963	454	34	4	3000	1
1964	34	64	12	1000	1
1965	64	34	12	1000	1
1966	399	262	12	1000	1
1967	262	399	12	1000	1
1968	455	263	12	1000	1
1969	263	455	12	1000	1
1970	307	456	12	1000	1
1971	456	307	12	1000	1
1972	307	282	12	1000	1
1973	282	307	12	1000	1
1974	457	60	12	1000	1
1975	60	457	12	1000	1
1976	158	453	12	1000	1
1977	453	158	12	1000	1
1978	262	151	6	2000	1
1979	151	262	6	2000	1
1980	458	244	12	1000	1
1981	244	458	12	1000	1
1982	110	403	12	1000	1
1983	403	110	12	1000	1
1984	197	18	12	1000	1
1985	18	197	12	1000	1
1986	197	60	12	1000	1
1987	60	197	12	1000	1
1988	459	62	12	1000	1
1989	62	459	12	1000	1
1990	61	33	12	1000	1
1991	33	61	12	1000	1
1992	61	60	12	1000	1
1993	60	61	12	1000	1
1994	61	364	3	4000	1
1995	364	61	3	4000	1
1996	22	33	12	1000	1
1997	33	22	12	1000	1
1998	185	460	6	2000	1
1999	460	185	6	2000	1
2000	185	293	6	2000	1
2001	293	185	6	2000	1
2002	185	33	12	1000	1
2003	33	185	12	1000	1
2004	46	33	12	1000	1
2005	33	46	12	1000	1
2006	461	77	12	1000	1
2007	77	461	12	1000	1
2008	45	422	12	1000	1
2009	422	45	12	1000	1
2010	45	462	6	2000	1
2011	462	45	6	2000	1
2012	45	463	4	3000	1
2013	463	45	4	3000	1
2014	45	464	6	2000	1
2015	464	45	6	2000	1
2016	45	279	6	2000	1
2017	279	45	6	2000	1
2018	321	267	12	1000	1
2019	267	321	12	1000	1
2020	321	454	12	1000	1
2021	454	321	12	1000	1
2022	320	267	12	1000	1
2023	267	320	12	1000	1
2024	297	33	12	1000	1
2025	33	297	12	1000	1
2026	465	77	12	1000	1
2027	77	465	12	1000	1
2028	42	466	6	2000	1
2029	466	42	6	2000	1
2030	42	17	12	1000	1
2031	17	42	12	1000	1
2032	42	467	12	1000	1
2033	467	42	12	1000	1
2034	42	413	6	2000	1
2035	413	42	6	2000	1
2036	42	420	12	1000	1
2037	420	42	12	1000	1
2038	42	368	6	2000	1
2039	368	42	6	2000	1
2040	74	131	12	1000	1
2041	131	74	12	1000	1
2042	27	33	12	1000	1
2043	33	27	12	1000	1
2044	27	468	4	3000	1
2045	468	27	4	3000	1
2046	231	33	12	1000	1
2047	33	231	12	1000	1
2048	108	403	12	1000	1
2049	403	108	12	1000	1
2050	378	250	12	1000	1
2051	250	378	12	1000	1
2052	469	260	12	1000	1
2053	260	469	12	1000	1
2054	14	33	12	1000	1
2055	33	14	12	1000	1
2056	470	471	6	2000	1
2057	471	470	6	2000	1
2058	470	426	12	1000	1
2059	426	470	12	1000	1
2060	470	259	12	1000	1
2061	259	470	12	1000	1
2062	372	429	12	1000	1
2063	429	372	12	1000	1
2064	372	472	6	2000	1
2065	472	372	6	2000	1
2066	372	57	12	1000	1
2067	57	372	12	1000	1
2068	77	33	12	1000	1
2069	33	77	12	1000	1
2070	274	64	4	3000	1
2071	64	274	4	3000	1
2072	363	202	4	3000	1
2073	202	363	4	3000	1
2074	363	279	12	1000	1
2075	279	363	12	1000	1
2076	473	26	12	1000	1
2077	26	473	12	1000	1
2078	473	451	12	1000	1
2079	451	473	12	1000	1
2080	473	64	12	1000	1
2081	64	473	12	1000	1
2082	352	49	12	1000	1
2083	49	352	12	1000	1
2084	352	279	12	1000	1
2085	279	352	12	1000	1
2086	407	474	6	2000	1
2087	474	407	6	2000	1
2088	193	355	12	1000	1
2089	355	193	12	1000	1
2090	193	475	4	3000	1
2091	475	193	4	3000	1
2092	204	476	6	2000	1
2093	476	204	6	2000	1
2094	204	428	6	2000	1
2095	428	204	6	2000	1
2096	204	279	12	1000	1
2097	279	204	12	1000	1
2098	364	279	12	1000	1
2099	279	364	12	1000	1
2100	269	291	12	1000	1
2101	291	269	12	1000	1
2102	409	477	6	2000	1
2103	477	409	6	2000	1
2104	409	425	12	1000	1
2105	425	409	12	1000	1
2106	279	361	12	1000	1
2107	361	279	12	1000	1
2108	279	397	12	1000	1
2109	397	279	12	1000	1
2110	279	323	12	1000	1
2111	323	279	12	1000	1
2112	279	59	12	1000	1
2113	59	279	12	1000	1
2114	279	425	12	1000	1
2115	425	279	12	1000	1
2116	400	423	12	1000	1
2117	423	400	12	1000	1
2118	427	475	12	1000	1
2119	475	427	12	1000	1
2120	410	425	12	1000	1
2121	425	410	12	1000	1
2122	361	13	4	3000	1
2123	13	361	4	3000	1
2124	361	478	6	2000	1
2125	478	361	6	2000	1
2126	361	479	6	2000	1
2127	479	361	6	2000	1
2128	361	425	12	1000	1
2129	425	361	12	1000	1
2130	422	421	12	1000	1
2131	421	422	12	1000	1
2132	422	423	12	1000	1
2133	423	422	12	1000	1
2134	420	419	6	2000	1
2135	419	420	6	2000	1
2136	420	353	12	1000	1
2137	353	420	12	1000	1
2138	420	57	12	1000	1
2139	57	420	12	1000	1
2140	60	179	12	1000	1
2141	179	60	12	1000	1
2142	60	33	12	1000	1
2143	33	60	12	1000	1
2144	60	156	12	1000	1
2145	156	60	12	1000	1
2146	309	480	12	1000	1
2147	480	309	12	1000	1
2148	365	88	12	1000	1
2149	88	365	12	1000	1
2150	390	52	12	1000	1
2151	52	390	12	1000	1
2152	390	481	6	2000	1
2153	481	390	6	2000	1
2154	13	33	12	1000	1
2155	33	13	12	1000	1
2156	13	260	12	1000	1
2157	260	13	12	1000	1
2158	44	392	12	1000	1
2159	392	44	12	1000	1
2160	44	482	4	3000	1
2161	482	44	4	3000	1
2162	44	483	12	1000	1
2163	483	44	12	1000	1
2164	44	57	12	1000	1
2165	57	44	12	1000	1
2166	63	33	12	1000	1
2167	33	63	12	1000	1
2168	63	260	12	1000	1
2169	260	63	12	1000	1
2170	63	403	12	1000	1
2171	403	63	12	1000	1
2172	482	166	12	1000	1
2173	166	482	12	1000	1
2174	484	66	12	1000	1
2175	66	484	12	1000	1
2176	51	485	12	1000	1
2177	485	51	12	1000	1
2178	58	33	12	1000	1
2179	33	58	12	1000	1
2180	58	282	12	1000	1
2181	282	58	12	1000	1
2182	35	33	12	1000	1
2183	33	35	12	1000	1
2184	402	472	12	1000	1
2185	472	402	12	1000	1
2186	402	57	12	1000	1
2187	57	402	12	1000	1
2188	282	285	12	1000	1
2189	285	282	12	1000	1
2190	261	486	6	2000	1
2191	486	261	6	2000	1
2192	261	456	12	1000	1
2193	456	261	12	1000	1
2194	460	21	12	1000	1
2195	21	460	12	1000	1
2196	487	243	12	1000	1
2197	243	487	12	1000	1
2198	487	387	12	1000	1
2199	387	487	12	1000	1
2200	242	488	6	2000	1
2201	488	242	6	2000	1
2202	232	33	12	1000	1
2203	33	232	12	1000	1
2204	489	33	12	1000	1
2205	33	489	12	1000	1
2206	490	33	12	1000	1
2207	33	490	12	1000	1
2208	64	33	6	2000	1
2209	33	64	6	2000	1
2210	64	417	6	2000	1
2211	417	64	6	2000	1
2212	64	425	6	2000	1
2213	425	64	6	2000	1
2214	57	179	12	1000	1
2215	179	57	12	1000	1
2216	57	33	12	1000	1
2217	33	57	12	1000	1
2218	57	468	6	2000	1
2219	468	57	6	2000	1
2220	456	283	12	1000	1
2221	283	456	12	1000	1
2222	17	310	12	1000	1
2223	310	17	12	1000	1
2224	17	33	12	1000	1
2225	33	17	12	1000	1
2226	491	33	12	1000	1
2227	33	491	12	1000	1
2228	452	373	12	1000	1
2229	373	452	12	1000	1
2230	452	383	12	1000	1
2231	383	452	12	1000	1
2232	452	492	6	2000	1
2233	492	452	6	2000	1
2234	493	33	12	1000	1
2235	33	493	12	1000	1
2236	493	464	12	1000	1
2237	464	493	12	1000	1
2238	438	33	12	1000	1
2239	33	438	12	1000	1
2240	494	308	12	1000	1
2241	308	494	12	1000	1
2242	494	33	12	1000	1
2243	33	494	12	1000	1
2244	214	280	12	1000	1
2245	280	214	12	1000	1
2246	214	367	12	1000	1
2247	367	214	12	1000	1
2248	343	278	12	1000	1
2249	278	343	12	1000	1
2250	270	462	12	1000	1
2251	462	270	12	1000	1
2252	408	247	12	1000	1
2253	247	408	12	1000	1
2254	495	411	12	1000	1
2255	411	495	12	1000	1
2256	454	33	6	2000	1
2257	33	454	6	2000	1
2258	417	496	6	2000	1
2259	496	417	6	2000	1
2260	323	324	12	1000	1
2261	324	323	12	1000	1
2262	62	33	12	1000	1
2263	33	62	12	1000	1
2264	497	33	12	1000	1
2265	33	497	12	1000	1
2266	444	203	12	1000	1
2267	203	444	12	1000	1
2268	173	203	12	1000	1
2269	203	173	12	1000	1
2270	298	203	12	1000	1
2271	203	298	12	1000	1
2272	33	498	6	2000	1
2273	498	33	6	2000	1
2274	33	499	6	2000	1
2275	499	33	6	2000	1
2276	33	500	6	2000	1
2277	500	33	6	2000	1
2278	33	437	12	1000	1
2279	437	33	12	1000	1
2280	33	501	6	2000	1
2281	501	33	6	2000	1
2282	33	502	6	2000	1
2283	502	33	6	2000	1
2284	33	440	12	1000	1
2285	440	33	12	1000	1
2286	33	303	6	2000	1
2287	303	33	6	2000	1
2288	33	442	12	1000	1
2289	442	33	12	1000	1
2290	33	235	12	1000	1
2291	235	33	12	1000	1
2292	33	239	12	1000	1
2293	239	33	12	1000	1
2294	33	12	12	1000	1
2295	12	33	12	1000	1
2296	33	381	6	2000	1
2297	381	33	6	2000	1
2298	33	480	4	3000	1
2299	480	33	4	3000	1
2300	33	124	6	2000	1
2301	124	33	6	2000	1
2302	33	503	6	2000	1
2303	503	33	6	2000	1
2304	33	250	12	1000	1
2305	250	33	12	1000	1
2306	33	446	12	1000	1
2307	446	33	12	1000	1
2308	33	467	6	2000	1
2309	467	33	6	2000	1
2310	33	449	12	1000	1
2311	449	33	12	1000	1
2312	33	385	12	1000	1
2313	385	33	12	1000	1
2314	33	483	6	2000	1
2315	483	33	6	2000	1
2316	33	203	12	1000	1
2317	203	33	12	1000	1
2318	380	119	12	1000	1
2319	119	380	12	1000	1
2320	263	504	6	2000	1
2321	504	263	6	2000	1
2322	245	503	12	1000	1
2323	503	245	12	1000	1
2324	260	505	6	2000	1
2325	505	260	6	2000	1
2326	260	506	6	2000	1
2327	506	260	6	2000	1
2328	507	508	6	2000	1
2329	508	507	6	2000	1
2330	507	401	6	2000	1
2331	401	507	6	2000	1
2332	507	481	12	1000	1
2333	481	507	12	1000	1
2334	468	481	4	3000	1
2335	481	468	4	3000	1
2336	9	203	12	1000	1
2337	203	9	12	1000	1
2338	436	203	12	1000	1
2339	203	436	12	1000	1
2340	471	509	6	2000	1
2341	509	471	6	2000	1
2342	258	448	12	1000	1
2343	448	258	12	1000	1
2344	258	316	12	1000	1
2345	316	258	12	1000	1
2346	203	384	12	1000	1
2347	384	203	12	1000	1
2348	203	360	12	1000	1
2349	360	203	12	1000	1
2350	248	510	6	2000	1
2351	510	248	6	2000	1
2352	423	59	12	1000	1
2353	59	423	12	1000	1
2354	511	241	12	1000	1
2355	241	511	12	1000	1
2356	119	387	12	1000	1
2357	387	119	12	1000	1
2358	314	485	12	1000	1
2359	485	314	12	1000	1
2360	264	337	6	2000	1
2361	337	264	6	2000	1
