Jump_Flow
1332
1258
1222
1250
1265
1293
1307
1244
1273
1245
1294
1305
1260
1228
1289
1228
1280
1256
1291
1228
1304
1254
1249
1283
1209
1305
1264
1236
1238
1316
1302
1268
1243
1281
1242
1220
1263
1251
1255
1263
1254
1234
1255
1267
1336
1231
1287
1302
1282
1280
1270
1270
1247
1270
1336
1304
1261
1241
1253
1233
1258
1268
1283
1284
1229
1267
1214
1197
1205
1287
1235
1205
1273
1194
1209
1149
1143
1013
738
433
259
140
37
11
12

Maxhop
1332
1258
1222
1250
1265
1293
1307
1244
1273
1245
1294
1305
1260
1228
1289
1228
1280
1256
1291
1228
1208
1165
1158
1168
1140
1136
1087
1045
1051
1142
1107
1094
1058
1079
1017
958 
1016
1004
1020
1015
1012
1012
1039
1012
1083
996 
1064
1059
1014
971 
978 
933 
929 
948 
1006
968 
943 
912 
927 
933 
968 
937 
952 
941 
925 
923 
880 
826 
851 
894 
826 
856 
881 
820 
833 
797 
799 
702 
524 
308 
174 
91
27
6 
7

Openflow
1332
1258
1222
633 
627 
606 
604 
352 
280 
205 
221 
235 
194 
191 
216 
192 
204 
127 
148 
126 
147 
94
113 
90
91
114 
104 
93
99
97
102 
93
95
74
61
48
49
49
54
55
58
56
59
65
57
72
61
59
75
63
70
54
61
68
63
62
66
47
72
61
56
60
65
56
47
76
59
51
60
60
56
52
65
54
67
57
57
48
32
15
10
8
0
0
0






