-------------------------Distribution of TCAM Usage------------------------
110	173	58	8	1	2	0	1	1	0	0	
51	102	100	70	18	11	3	0	0	2	0	
47	42	83	77	44	42	10	9	0	3	0	
43	35	50	58	67	36	34	19	6	7	1	
46	33	23	55	50	53	30	30	22	5	5	
49	35	12	43	45	50	36	27	29	20	6	
47	43	9	33	43	40	46	24	24	25	20	
48	39	12	24	37	44	40	37	22	25	18	
59	37	11	20	34	42	47	35	24	12	29	
62	40	9	15	39	41	41	39	24	15	26	
60	41	11	13	42	40	40	42	19	19	25	
61	38	12	11	45	41	35	41	22	18	24	
64	35	13	11	43	42	40	37	22	19	23	
64	33	15	9	43	40	42	39	21	20	19	
66	36	13	9	44	41	37	41	25	17	19	
65	38	13	8	44	43	37	42	24	17	18	
68	36	11	10	44	43	36	42	23	21	18	
67	33	12	12	38	44	40	40	23	21	20	
64	36	11	11	40	45	36	40	25	20	22	
65	33	12	12	38	45	38	39	24	20	25	
62	35	11	9	44	39	47	33	27	19	20	
64	36	11	10	40	43	42	36	27	18	21	
67	33	12	13	41	41	43	34	25	21	22	
61	36	11	11	38	45	43	38	21	18	27	
61	35	10	11	43	43	40	38	22	20	24	
63	34	10	13	41	43	41	36	25	16	27	
58	36	11	12	42	45	39	35	26	18	22	
58	38	11	15	39	44	42	34	26	16	25	
58	37	12	11	42	43	38	37	28	16	25	
57	38	13	8	41	49	37	34	29	15	27	
56	39	11	9	39	45	42	37	27	16	27	
56	38	11	10	39	42	43	38	27	19	21	
61	36	10	12	41	39	44	34	31	18	24	
60	33	12	15	38	41	43	35	28	16	22	
62	36	11	11	42	42	45	34	28	17	21	
61	35	10	11	44	43	43	33	28	17	21	
59	39	10	12	41	43	44	32	27	16	25	
56	41	11	10	43	43	39	36	30	14	23	
59	39	10	10	42	42	40	36	33	15	20	
61	37	12	9	41	44	36	42	31	13	21	
61	37	13	9	42	40	43	37	26	15	23	
64	36	12	6	43	42	42	36	31	11	25	
62	37	11	6	45	41	40	40	28	14	24	
61	36	11	10	43	45	39	35	29	14	26	
57	36	12	9	47	39	43	38	22	16	24	
58	39	11	10	40	42	46	35	24	17	23	
59	40	11	11	41	44	40	37	25	16	21	
64	37	11	12	41	41	42	38	24	17	24	
59	39	10	13	42	40	46	36	23	16	21	
63	38	10	13	40	39	47	37	24	15	22	
61	39	12	12	45	37	44	35	25	16	19	
65	39	11	12	43	37	43	36	28	17	19	
65	36	11	13	44	38	40	38	26	15	23	
61	37	11	12	42	41	42	37	26	14	21	
64	37	11	12	44	41	42	33	26	19	19	
65	35	9	14	45	39	42	34	26	19	17	
68	35	10	12	42	40	43	34	29	18	19	
64	36	10	10	45	43	37	35	30	16	21	
63	37	9	10	47	40	42	35	27	18	21	
62	37	9	11	46	40	42	34	27	17	23	
62	37	9	10	45	41	44	32	27	19	21	
61	39	9	10	44	43	45	32	26	17	22	
61	39	9	11	42	44	43	34	26	18	21	
62	37	11	12	41	40	46	30	30	16	24	
60	36	13	10	41	43	43	33	25	21	21	
59	38	11	14	41	40	43	34	26	18	24	
59	40	10	13	39	42	44	33	28	16	25	
65	34	11	13	39	43	41	36	25	19	23	
60	38	11	13	39	45	38	34	26	21	22	
64	35	11	14	39	43	39	34	29	17	23	
60	39	12	10	42	44	40	34	29	20	17	
59	41	11	13	42	39	43	34	28	18	20	
59	38	12	11	44	41	38	36	28	21	18	
59	39	12	12	41	41	44	38	23	18	20	
63	37	10	14	40	40	44	38	23	19	20	
64	34	14	14	33	47	44	31	30	15	19	
67	35	12	9	43	40	48	33	27	16	20	
64	38	10	13	41	39	45	35	27	15	25	
64	34	10	11	42	41	41	37	27	15	24	
65	35	11	10	45	41	39	38	28	14	22	
65	36	11	12	39	46	37	39	27	14	22	
65	37	11	12	40	45	37	39	25	16	23	
66	35	11	13	39	45	39	36	27	17	19	
64	39	11	12	42	39	43	37	23	18	22	
63	38	10	13	43	36	45	35	26	19	18	
67	34	12	11	45	39	40	37	23	17	22	
68	34	11	9	44	40	43	37	23	20	22	
62	38	10	8	43	41	43	37	22	21	23	
62	37	10	11	43	42	39	40	21	21	24	
67	31	11	10	39	44	41	37	24	21	23	
69	30	11	9	43	44	37	40	21	22	24	
66	29	13	10	43	42	38	39	22	19	27	
68	29	12	9	42	44	40	35	25	17	28	
65	32	12	9	45	39	43	33	26	21	25	
61	35	12	7	44	43	45	32	23	22	25	
60	35	11	10	46	40	43	32	25	19	26	
60	37	12	10	47	38	40	34	28	18	23	
61	37	13	7	47	38	46	32	26	18	23	
60	37	13	9	43	38	49	32	26	18	20	
64	35	12	10	45	34	48	34	27	19	20	
64	36	11	13	41	37	47	35	24	17	21	
65	37	11	13	45	32	49	32	25	18	19	
69	34	13	12	41	38	47	36	22	19	16	
67	38	10	15	39	41	49	33	23	17	23	
70	32	10	42	50	58	31	29	22	15	11	
4	3	3	0	0	1	0	0	0	0	0	
0	0	0	0	0	0	0	0	0	0	0	
0	0	0	0	0	0	0	0	0	0	0	
0	0	0	0	0	0	0	0	0	0	0	
0	0	0	0	0	0	0	0	0	0	0	
-------------------------Number of TCAM Overflow occurence-----------------
0
0
0
0
0
0
0
0
0
0
0
0
0
0
0
0
0
0
0
0
0
0
0
0
0
0
0
0
0
0
0
0
0
0
0
0
0
0
0
0
0
0
0
0
0
0
0
0
0
0
0
0
0
0
0
0
0
0
0
0
0
0
0
0
0
0
0
0
0
0
0
0
0
0
0
0
0
0
0
0
0
0
0
0
0
0
0
0
0
0
0
0
0
0
0
0
0
0
0
0
0
0
0
0
0
0
0
0
0
0
