-------------------------Distribution of TCAM Usage------------------------
253	61	12	5	3	0	1	1	1	1	0	
70	202	40	11	4	6	3	3	1	0	0	
22	179	89	24	8	8	1	3	3	3	2	
10	96	143	52	12	8	6	1	7	2	4	
12	47	147	74	31	11	4	7	2	1	3	
11	29	121	96	47	16	9	5	2	4	0	
12	20	100	112	49	21	15	7	5	6	0	
10	13	85	113	57	29	13	6	5	7	5	
10	13	69	122	54	37	17	6	3	9	3	
12	11	71	116	60	37	17	6	4	5	4	
12	9	70	118	60	38	16	8	5	6	4	
13	8	65	129	57	35	14	9	4	5	9	
11	11	68	119	62	36	13	11	4	5	6	
10	13	67	117	66	32	17	8	2	9	5	
7	10	77	110	64	33	18	5	6	7	6	
9	9	81	112	55	36	20	6	3	8	5	
8	8	80	113	57	37	17	7	4	7	5	
9	11	77	111	60	36	18	6	6	7	3	
8	9	74	118	58	37	15	8	6	7	4	
8	8	77	114	59	34	21	8	3	10	4	
8	9	72	115	61	32	23	4	7	8	5	
8	10	75	113	59	39	20	3	2	11	3	
11	8	78	112	60	34	22	4	6	7	2	
15	8	75	114	67	31	19	6	6	6	2	
14	10	79	111	58	39	17	5	5	8	3	
13	11	75	119	61	34	16	5	2	11	3	
14	9	77	117	57	37	16	7	3	5	5	
14	10	70	125	55	37	20	5	3	4	5	
14	9	73	115	60	36	23	4	6	4	5	
11	10	76	116	57	36	20	4	6	5	7	
11	9	86	109	52	40	16	5	8	5	5	
10	11	81	114	53	37	18	6	5	5	5	
11	11	83	111	53	38	17	6	4	5	5	
11	12	82	110	59	33	18	7	7	4	2	
13	11	82	110	63	33	17	4	6	5	4	
12	13	82	105	61	36	16	8	6	5	1	
12	14	79	113	58	33	18	9	4	4	6	
10	13	76	120	51	37	17	7	4	8	1	
14	11	86	110	54	36	17	5	6	7	2	
11	11	81	117	55	34	16	5	8	4	3	
12	11	73	116	55	42	17	8	5	3	6	
9	14	77	110	53	40	24	5	6	6	2	
11	12	71	120	55	37	22	4	6	5	3	
13	13	69	117	58	40	15	7	5	6	8	
8	12	74	112	61	36	20	5	6	3	8	
9	10	80	115	52	36	21	7	5	5	5	
10	11	81	111	59	33	17	11	2	8	2	
12	10	80	108	65	29	22	7	3	5	2	
12	15	78	111	58	29	22	7	7	4	4	
9	14	76	116	56	37	16	8	3	6	2	
11	13	74	116	62	31	16	10	4	6	3	
10	12	74	120	58	32	18	6	7	3	4	
12	8	71	117	70	29	18	9	5	2	6	
6	14	70	121	66	27	19	8	2	4	6	
11	10	77	117	58	35	16	9	3	5	4	
13	11	72	120	61	33	18	7	4	3	8	
10	12	73	124	54	35	15	5	7	6	5	
11	14	70	122	55	36	18	7	3	6	5	
13	9	72	118	59	36	17	10	4	6	5	
11	9	74	120	58	33	14	12	4	6	6	
11	11	68	124	55	37	17	7	7	4	3	
15	16	66	119	57	37	19	6	3	7	5	
13	14	65	120	59	36	16	7	5	5	2	
15	13	70	116	62	36	17	6	6	5	2	
13	15	72	112	62	36	19	3	8	4	4	
11	12	75	113	63	31	21	5	4	6	4	
13	13	73	118	53	41	17	6	6	4	6	
9	10	77	117	57	41	17	5	3	6	4	
11	8	83	111	59	36	19	7	3	7	5	
11	7	76	118	60	31	18	8	6	4	4	
12	11	77	115	61	32	20	5	7	2	7	
12	14	82	106	60	34	22	3	4	2	8	
13	8	80	108	65	34	18	7	3	5	6	
12	9	77	113	61	34	21	6	6	6	3	
12	8	78	120	59	32	20	5	4	6	3	
17	8	80	111	59	34	21	4	5	5	5	
14	11	78	113	58	31	27	3	5	5	5	
14	10	78	118	55	30	26	4	3	4	8	
10	13	76	116	57	33	23	3	4	4	9	
11	11	78	118	56	30	23	3	6	4	5	
13	11	77	122	57	27	22	6	3	5	7	
13	12	69	128	53	33	20	5	4	5	6	
11	12	73	118	63	28	22	3	6	4	6	
11	12	74	118	62	31	16	9	4	5	9	
9	12	77	111	65	31	16	6	8	4	7	
11	10	71	126	56	29	20	5	7	9	4	
9	16	67	124	57	29	18	7	6	5	8	
10	10	70	124	60	32	14	8	6	4	6	
11	9	74	123	59	31	17	5	6	7	4	
9	13	75	119	61	26	20	5	6	7	4	
11	14	70	126	55	27	20	9	4	5	7	
11	12	75	118	57	34	17	7	4	6	5	
11	12	78	113	57	35	16	7	4	6	9	
8	8	81	116	57	31	16	9	6	6	5	
11	10	77	116	59	31	18	6	6	6	4	
12	11	77	115	54	38	15	6	6	9	2	
13	12	78	113	61	33	15	7	4	8	1	
14	12	79	120	56	33	14	6	5	6	4	
10	12	73	125	53	37	14	6	8	5	2	
10	12	77	116	62	34	19	5	6	2	4	
11	10	75	118	63	34	15	10	5	3	3	
13	11	71	120	59	33	20	8	5	3	5	
11	13	72	116	60	32	21	5	10	2	8	
9	10	79	123	51	27	23	4	8	5	4	
13	30	130	89	37	27	5	5	7	5	4	
5	1	0	3	3	1	2	1	2	1	0	
1	0	0	1	0	1	0	1	4	1	1	
1	0	1	1	2	0	0	0	1	0	1	
0	0	0	1	0	1	0	0	0	0	2	
1	0	0	1	1	0	0	0	0	1	0	
-------------------------Number of TCAM Overflow occurence-----------------
0
0
0
0
1
0
0
0
0
1
1
1
0
1
0
1
1
0
0
0
0
0
0
0
0
1
0
0
0
0
0
0
0
0
0
1
0
0
0
0
0
1
0
0
0
0
0
0
0
0
0
0
1
0
0
0
0
0
0
0
0
0
0
0
0
0
1
0
0
0
0
0
0
0
0
0
0
0
0
0
0
2
0
0
0
0
0
0
0
0
1
0
0
1
0
0
0
0
0
0
0
2
0
0
0
1
0
0
0
0
