-------------------------Distribution of TCAM Usage------------------------
347	3	1	-1	-1	-1	-1	-1	-1	-1	-1	
277	73	-1	1	-1	-1	-1	-1	-1	-1	-1	
193	145	10	2	-1	-1	-1	-1	-1	-1	-1	
144	161	37	6	-1	-1	-1	-1	-1	-1	-1	
115	161	60	4	-1	-1	-1	-1	-1	-1	-1	
100	152	64	20	-1	-1	-1	-1	-1	-1	-1	
89	142	64	24	-1	-1	-1	-1	-1	-1	-1	
90	121	76	25	-1	-1	-1	-1	-1	-1	-1	
91	117	75	11	-1	-1	-1	-1	-1	-1	-1	
90	115	73	14	-1	-1	-1	-1	-1	-1	-1	
87	116	69	18	-1	-1	-1	-1	-1	-1	-1	
87	114	70	17	-1	-1	-1	-1	-1	-1	-1	
86	109	75	18	-1	-1	-1	-1	-1	-1	-1	
84	109	76	20	-1	-1	-1	-1	-1	-1	-1	
85	113	74	16	-1	-1	-1	-1	-1	-1	-1	
86	109	78	17	-1	-1	-1	-1	-1	-1	-1	
86	112	74	20	-1	-1	-1	-1	-1	-1	-1	
85	111	75	20	-1	-1	-1	-1	-1	-1	-1	
85	108	78	19	-1	-1	-1	-1	-1	-1	-1	
86	110	74	19	-1	-1	-1	-1	-1	-1	-1	
86	109	78	18	-1	-1	-1	-1	-1	-1	-1	
85	114	73	17	-1	-1	-1	-1	-1	-1	-1	
85	113	73	21	-1	-1	-1	-1	-1	-1	-1	
85	114	70	18	-1	-1	-1	-1	-1	-1	-1	
84	114	70	19	-1	-1	-1	-1	-1	-1	-1	
85	111	75	15	-1	-1	-1	-1	-1	-1	-1	
84	113	73	17	-1	-1	-1	-1	-1	-1	-1	
83	112	75	16	-1	-1	-1	-1	-1	-1	-1	
84	112	75	15	-1	-1	-1	-1	-1	-1	-1	
84	112	75	14	-1	-1	-1	-1	-1	-1	-1	
84	113	74	15	-1	-1	-1	-1	-1	-1	-1	
84	112	75	18	-1	-1	-1	-1	-1	-1	-1	
84	112	76	17	-1	-1	-1	-1	-1	-1	-1	
84	112	76	15	-1	-1	-1	-1	-1	-1	-1	
83	112	79	16	-1	-1	-1	-1	-1	-1	-1	
84	108	81	16	-1	-1	-1	-1	-1	-1	-1	
84	112	75	15	-1	-1	-1	-1	-1	-1	-1	
83	112	79	13	-1	-1	-1	-1	-1	-1	-1	
84	110	81	14	-1	-1	-1	-1	-1	-1	-1	
84	111	81	12	-1	-1	-1	-1	-1	-1	-1	
84	111	76	14	-1	-1	-1	-1	-1	-1	-1	
84	113	77	10	-1	-1	-1	-1	-1	-1	-1	
84	107	82	13	-1	-1	-1	-1	-1	-1	-1	
84	108	81	13	-1	-1	-1	-1	-1	-1	-1	
83	112	74	15	-1	-1	-1	-1	-1	-1	-1	
83	115	70	16	-1	-1	-1	-1	-1	-1	-1	
84	113	73	15	-1	-1	-1	-1	-1	-1	-1	
84	113	73	16	-1	-1	-1	-1	-1	-1	-1	
85	114	73	15	-1	-1	-1	-1	-1	-1	-1	
85	112	75	14	-1	-1	-1	-1	-1	-1	-1	
85	110	76	15	-1	-1	-1	-1	-1	-1	-1	
85	107	80	16	-1	-1	-1	-1	-1	-1	-1	
84	110	77	15	-1	-1	-1	-1	-1	-1	-1	
83	111	77	14	-1	-1	-1	-1	-1	-1	-1	
83	112	75	18	-1	-1	-1	-1	-1	-1	-1	
83	116	71	18	-1	-1	-1	-1	-1	-1	-1	
84	114	74	17	-1	-1	-1	-1	-1	-1	-1	
83	112	76	15	-1	-1	-1	-1	-1	-1	-1	
84	113	75	17	-1	-1	-1	-1	-1	-1	-1	
85	114	73	17	-1	-1	-1	-1	-1	-1	-1	
85	118	68	18	-1	-1	-1	-1	-1	-1	-1	
85	116	71	16	-1	-1	-1	-1	-1	-1	-1	
85	116	71	17	-1	-1	-1	-1	-1	-1	-1	
85	113	74	15	-1	-1	-1	-1	-1	-1	-1	
84	112	72	20	-1	-1	-1	-1	-1	-1	-1	
84	116	69	17	-1	-1	-1	-1	-1	-1	-1	
86	113	73	15	-1	-1	-1	-1	-1	-1	-1	
86	111	74	19	-1	-1	-1	-1	-1	-1	-1	
84	112	72	20	-1	-1	-1	-1	-1	-1	-1	
85	113	73	16	-1	-1	-1	-1	-1	-1	-1	
84	112	77	19	-1	-1	-1	-1	-1	-1	-1	
83	115	74	18	-1	-1	-1	-1	-1	-1	-1	
83	114	73	20	-1	-1	-1	-1	-1	-1	-1	
84	117	71	17	-1	-1	-1	-1	-1	-1	-1	
84	115	72	18	-1	-1	-1	-1	-1	-1	-1	
84	117	72	14	-1	-1	-1	-1	-1	-1	-1	
85	115	73	15	-1	-1	-1	-1	-1	-1	-1	
84	115	74	15	-1	-1	-1	-1	-1	-1	-1	
84	111	77	15	-1	-1	-1	-1	-1	-1	-1	
85	112	78	13	-1	-1	-1	-1	-1	-1	-1	
85	111	78	13	-1	-1	-1	-1	-1	-1	-1	
85	110	77	15	-1	-1	-1	-1	-1	-1	-1	
85	112	76	16	-1	-1	-1	-1	-1	-1	-1	
84	110	76	17	-1	-1	-1	-1	-1	-1	-1	
84	110	77	19	-1	-1	-1	-1	-1	-1	-1	
83	110	75	16	-1	-1	-1	-1	-1	-1	-1	
84	110	75	19	-1	-1	-1	-1	-1	-1	-1	
84	112	71	20	-1	-1	-1	-1	-1	-1	-1	
84	112	72	20	-1	-1	-1	-1	-1	-1	-1	
85	111	73	20	-1	-1	-1	-1	-1	-1	-1	
84	110	74	21	-1	-1	-1	-1	-1	-1	-1	
84	109	74	18	-1	-1	-1	-1	-1	-1	-1	
86	112	71	16	-1	-1	-1	-1	-1	-1	-1	
86	112	71	21	-1	-1	-1	-1	-1	-1	-1	
84	111	73	21	-1	-1	-1	-1	-1	-1	-1	
86	110	73	18	-1	-1	-1	-1	-1	-1	-1	
85	111	75	17	-1	-1	-1	-1	-1	-1	-1	
84	115	71	17	-1	-1	-1	-1	-1	-1	-1	
84	115	71	17	-1	-1	-1	-1	-1	-1	-1	
85	113	72	18	-1	-1	-1	-1	-1	-1	-1	
85	114	71	16	-1	-1	-1	-1	-1	-1	-1	
85	112	72	17	-1	-1	-1	-1	-1	-1	-1	
85	111	74	19	-1	-1	-1	-1	-1	-1	-1	
85	114	73	17	-1	-1	-1	-1	-1	-1	-1	
98	153	57	14	-1	-1	-1	-1	-1	-1	-1	
-1	-1	-1	-1	-1	-1	-1	-1	-1	-1	-1	
-1	-1	-1	-1	-1	-1	-1	-1	-1	-1	-1	
-1	-1	-1	-1	-1	-1	-1	-1	-1	-1	-1	
-1	-1	-1	-1	-1	-1	-1	-1	-1	-1	-1	
-1	-1	-1	-1	-1	-1	-1	-1	-1	-1	-1	
-------------------------Number of TCAM Overflow occurence-----------------
-1
-1
-1
-1
-1
-1
-1
-1
-1
-1
-1
-1
-1
-1
-1
-1
-1
-1
-1
-1
-1
-1
-1
-1
-1
-1
-1
-1
-1
-1
-1
-1
-1
-1
-1
-1
-1
-1
-1
-1
-1
-1
-1
-1
-1
-1
-1
-1
-1
-1
-1
-1
-1
-1
-1
-1
-1
-1
-1
-1
-1
-1
-1
-1
-1
-1
-1
-1
-1
-1
-1
-1
-1
-1
-1
-1
-1
-1
-1
-1
-1
-1
-1
-1
-1
-1
-1
-1
-1
-1
-1
-1
-1
-1
-1
-1
-1
-1
-1
-1
-1
-1
-1
-1
-1
-1
-1
-1
-1
-1
