-------------------------Distribution of TCAM Usage------------------------
37	168	44	4	0	0	0	0	0	0	0	
0	58	111	54	22	7	1	0	0	0	0	
0	3	79	73	44	38	8	6	1	1	0	
0	0	36	62	61	27	37	20	3	5	1	
1	0	10	45	54	52	29	29	23	3	4	
2	1	1	39	41	54	33	25	26	21	5	
4	2	2	23	43	43	42	26	23	24	17	
4	3	2	15	34	43	49	29	18	25	18	
16	2	3	7	39	42	44	34	20	18	22	
18	5	2	4	38	46	37	39	22	19	20	
18	8	2	5	37	45	38	36	24	18	20	
23	4	4	7	36	41	43	31	24	21	18	
21	7	3	6	35	45	39	36	24	18	22	
18	7	2	5	37	45	42	35	19	22	22	
20	4	2	8	38	41	42	35	21	18	21	
25	2	2	12	34	40	41	36	22	18	21	
24	3	2	10	37	39	43	37	17	21	23	
21	3	3	7	37	42	39	38	18	23	24	
15	7	2	11	37	40	40	34	21	21	24	
17	6	3	10	39	36	43	33	19	24	23	
19	4	3	9	40	38	40	37	18	21	22	
20	5	3	8	38	41	40	38	20	17	23	
21	4	2	7	40	37	42	38	24	18	19	
21	6	2	9	37	41	41	35	21	20	20	
19	8	3	4	43	37	41	33	27	21	20	
16	8	2	5	40	40	44	31	25	23	16	
19	7	2	4	46	34	43	34	23	23	22	
16	7	1	4	45	36	41	33	25	24	19	
17	8	0	8	42	36	42	33	23	21	24	
15	8	1	9	41	37	42	34	20	23	21	
21	4	1	9	42	35	42	37	21	21	19	
23	3	1	8	42	36	39	38	23	24	19	
19	4	1	9	43	35	42	33	25	20	21	
21	3	1	9	38	40	44	33	22	20	24	
17	5	1	8	41	35	48	32	21	20	24	
18	5	2	5	43	37	47	31	22	18	25	
19	4	2	5	41	37	50	29	22	20	23	
20	4	1	8	43	37	45	31	25	17	24	
17	5	2	6	42	39	44	33	20	23	24	
17	3	2	3	45	41	41	31	23	21	23	
18	5	2	4	45	37	44	29	25	22	21	
19	5	2	4	42	39	41	31	28	20	25	
17	4	2	5	43	39	39	32	28	19	23	
19	4	2	5	42	41	38	31	29	20	19	
21	5	3	9	35	42	43	32	22	21	20	
23	3	2	9	36	41	44	34	20	22	19	
20	6	3	6	39	39	44	34	21	22	20	
21	4	2	7	39	40	46	31	22	21	24	
17	4	3	5	43	35	46	35	21	18	26	
16	5	3	4	44	35	44	36	21	17	29	
15	5	3	8	40	36	45	34	21	20	26	
16	4	2	7	40	37	45	36	22	18	21	
21	4	2	9	36	42	42	34	24	21	20	
19	4	2	10	33	44	44	31	22	22	24	
15	5	3	9	35	44	41	38	23	17	22	
14	8	2	7	38	41	44	35	22	17	25	
15	7	1	8	35	45	42	31	28	17	24	
14	8	1	7	37	45	44	28	32	14	22	
18	5	1	8	37	46	39	30	30	16	25	
14	7	2	5	40	45	37	34	29	14	23	
16	8	2	7	35	46	39	37	24	17	23	
17	6	2	6	38	43	38	40	23	15	27	
17	4	2	6	39	44	38	36	24	16	24	
18	6	2	7	38	45	39	33	23	20	22	
18	6	2	6	42	41	41	31	26	15	25	
18	6	2	9	36	42	41	34	26	16	23	
16	8	2	9	39	38	41	35	25	18	21	
18	8	0	10	38	40	43	33	23	18	20	
21	7	0	9	37	43	43	28	25	20	21	
19	8	1	9	36	42	46	28	23	19	25	
16	7	3	8	37	41	38	37	23	20	22	
16	8	2	9	39	37	42	36	24	15	26	
18	5	3	7	36	40	43	37	22	17	24	
20	4	3	9	35	44	36	36	24	19	21	
22	4	2	6	40	40	39	35	26	20	20	
20	5	2	7	40	38	40	33	29	17	23	
21	4	0	8	41	37	40	37	25	20	20	
19	6	1	8	41	38	40	32	27	17	24	
19	6	0	8	42	37	39	36	24	16	27	
18	6	0	9	40	39	38	37	24	17	26	
18	4	2	9	38	39	41	33	26	20	24	
16	5	1	9	39	36	42	38	25	17	26	
13	7	2	5	42	38	41	36	25	18	24	
16	6	2	7	39	39	42	34	25	21	23	
12	9	1	8	39	40	43	33	24	22	22	
13	8	2	9	38	41	43	32	23	20	23	
13	9	2	10	34	42	45	31	24	19	24	
16	6	3	7	37	43	44	30	21	22	25	
16	5	3	9	35	44	39	33	24	18	26	
16	6	4	4	42	41	38	35	26	18	22	
16	7	3	6	43	36	42	32	27	17	24	
15	8	2	7	42	38	39	37	22	21	22	
17	6	2	6	45	37	35	40	22	20	21	
19	6	2	8	38	40	41	35	23	22	20	
17	7	1	8	41	40	38	36	23	22	20	
19	5	1	7	43	36	42	38	21	25	15	
21	4	1	8	40	40	38	38	23	18	23	
19	5	1	8	41	36	41	37	24	17	22	
22	4	1	10	39	38	38	37	22	20	23	
22	4	1	10	38	38	38	40	19	18	30	
16	4	2	7	38	42	37	36	25	18	23	
19	7	3	4	40	40	37	37	25	20	22	
20	4	2	5	44	40	32	39	26	17	24	
21	4	2	11	42	39	42	33	21	19	25	
14	5	3	34	54	48	37	23	25	15	14	
2	2	3	1	0	1	0	0	0	0	0	
0	0	0	0	0	0	0	0	0	0	0	
0	0	0	0	0	0	0	0	0	0	0	
0	0	0	0	0	0	0	0	0	0	0	
0	0	0	0	0	0	0	0	0	0	0	
-------------------------Number of TCAM Overflow occurence-----------------
0
0
0
0
0
0
0
0
0
0
0
0
0
0
0
0
0
0
0
0
0
0
0
0
0
0
0
0
0
0
0
0
0
0
0
0
0
0
0
0
0
0
0
0
0
0
0
0
0
0
0
0
0
0
0
0
0
0
0
0
0
0
0
0
0
0
0
0
0
0
0
0
0
0
0
0
0
0
0
0
0
0
0
0
0
0
0
0
0
0
0
0
0
0
0
0
0
0
0
0
0
0
0
0
0
0
0
0
0
0
