-------------------------Distribution of TCAM Usage------------------------
251	0	-1	-1	-1	-1	-1	-1	-1	-1	-1	
183	67	0	-1	-1	-1	-1	-1	-1	-1	-1	
103	139	7	0	-1	-1	-1	-1	-1	-1	-1	
49	162	32	4	-1	-1	-1	-1	-1	-1	-1	
27	150	62	2	-1	-1	-1	-1	-1	-1	-1	
8	146	61	20	-1	-1	-1	-1	-1	-1	-1	
-1	138	59	23	-1	-1	-1	-1	-1	-1	-1	
-1	122	60	24	-1	-1	-1	-1	-1	-1	-1	
-1	112	67	17	-1	-1	-1	-1	-1	-1	-1	
-1	107	70	18	-1	-1	-1	-1	-1	-1	-1	
-1	108	68	18	-1	-1	-1	-1	-1	-1	-1	
-1	108	66	20	-1	-1	-1	-1	-1	-1	-1	
-1	107	69	17	-1	-1	-1	-1	-1	-1	-1	
-1	106	67	21	-1	-1	-1	-1	-1	-1	-1	
-1	105	70	17	-1	-1	-1	-1	-1	-1	-1	
-1	104	71	17	-1	-1	-1	-1	-1	-1	-1	
-1	103	70	21	-1	-1	-1	-1	-1	-1	-1	
-1	105	67	22	-1	-1	-1	-1	-1	-1	-1	
-1	106	67	21	-1	-1	-1	-1	-1	-1	-1	
-1	107	64	23	-1	-1	-1	-1	-1	-1	-1	
-1	106	67	20	-1	-1	-1	-1	-1	-1	-1	
-1	105	71	16	-1	-1	-1	-1	-1	-1	-1	
-1	106	72	17	-1	-1	-1	-1	-1	-1	-1	
-1	104	71	20	-1	-1	-1	-1	-1	-1	-1	
-1	105	72	21	-1	-1	-1	-1	-1	-1	-1	
-1	106	70	22	-1	-1	-1	-1	-1	-1	-1	
-1	106	68	22	-1	-1	-1	-1	-1	-1	-1	
-1	104	70	23	-1	-1	-1	-1	-1	-1	-1	
-1	106	67	21	-1	-1	-1	-1	-1	-1	-1	
-1	105	67	22	-1	-1	-1	-1	-1	-1	-1	
-1	106	69	20	-1	-1	-1	-1	-1	-1	-1	
-1	103	72	23	-1	-1	-1	-1	-1	-1	-1	
-1	106	70	19	-1	-1	-1	-1	-1	-1	-1	
-1	103	72	19	-1	-1	-1	-1	-1	-1	-1	
-1	106	68	21	-1	-1	-1	-1	-1	-1	-1	
-1	107	68	18	-1	-1	-1	-1	-1	-1	-1	
-1	111	63	19	-1	-1	-1	-1	-1	-1	-1	
-1	112	66	16	-1	-1	-1	-1	-1	-1	-1	
-1	111	63	22	-1	-1	-1	-1	-1	-1	-1	
-1	112	62	20	-1	-1	-1	-1	-1	-1	-1	
-1	109	65	22	-1	-1	-1	-1	-1	-1	-1	
-1	105	70	19	-1	-1	-1	-1	-1	-1	-1	
-1	106	70	19	-1	-1	-1	-1	-1	-1	-1	
-1	103	73	19	-1	-1	-1	-1	-1	-1	-1	
-1	103	71	20	-1	-1	-1	-1	-1	-1	-1	
-1	107	67	21	-1	-1	-1	-1	-1	-1	-1	
-1	108	66	21	-1	-1	-1	-1	-1	-1	-1	
-1	106	69	20	-1	-1	-1	-1	-1	-1	-1	
-1	105	71	18	-1	-1	-1	-1	-1	-1	-1	
-1	101	74	16	-1	-1	-1	-1	-1	-1	-1	
-1	102	73	19	-1	-1	-1	-1	-1	-1	-1	
-1	104	73	17	-1	-1	-1	-1	-1	-1	-1	
-1	106	71	20	-1	-1	-1	-1	-1	-1	-1	
-1	109	65	23	-1	-1	-1	-1	-1	-1	-1	
-1	105	75	16	-1	-1	-1	-1	-1	-1	-1	
-1	108	69	16	-1	-1	-1	-1	-1	-1	-1	
-1	112	66	17	-1	-1	-1	-1	-1	-1	-1	
-1	108	74	14	-1	-1	-1	-1	-1	-1	-1	
-1	109	70	17	-1	-1	-1	-1	-1	-1	-1	
-1	105	75	13	-1	-1	-1	-1	-1	-1	-1	
-1	107	71	16	-1	-1	-1	-1	-1	-1	-1	
-1	105	73	14	-1	-1	-1	-1	-1	-1	-1	
-1	103	74	15	-1	-1	-1	-1	-1	-1	-1	
-1	103	72	19	-1	-1	-1	-1	-1	-1	-1	
-1	105	72	15	-1	-1	-1	-1	-1	-1	-1	
-1	105	73	15	-1	-1	-1	-1	-1	-1	-1	
-1	106	71	17	-1	-1	-1	-1	-1	-1	-1	
-1	108	68	17	-1	-1	-1	-1	-1	-1	-1	
-1	108	66	19	-1	-1	-1	-1	-1	-1	-1	
-1	102	72	19	-1	-1	-1	-1	-1	-1	-1	
-1	105	70	19	-1	-1	-1	-1	-1	-1	-1	
-1	104	73	14	-1	-1	-1	-1	-1	-1	-1	
-1	104	72	16	-1	-1	-1	-1	-1	-1	-1	
-1	106	69	20	-1	-1	-1	-1	-1	-1	-1	
-1	101	75	19	-1	-1	-1	-1	-1	-1	-1	
-1	104	73	16	-1	-1	-1	-1	-1	-1	-1	
-1	102	75	19	-1	-1	-1	-1	-1	-1	-1	
-1	102	74	16	-1	-1	-1	-1	-1	-1	-1	
-1	104	71	15	-1	-1	-1	-1	-1	-1	-1	
-1	102	74	16	-1	-1	-1	-1	-1	-1	-1	
-1	104	72	20	-1	-1	-1	-1	-1	-1	-1	
-1	106	72	16	-1	-1	-1	-1	-1	-1	-1	
-1	105	72	17	-1	-1	-1	-1	-1	-1	-1	
-1	109	67	20	-1	-1	-1	-1	-1	-1	-1	
-1	106	70	21	-1	-1	-1	-1	-1	-1	-1	
-1	103	73	19	-1	-1	-1	-1	-1	-1	-1	
-1	99	77	18	-1	-1	-1	-1	-1	-1	-1	
-1	103	70	22	-1	-1	-1	-1	-1	-1	-1	
-1	101	74	17	-1	-1	-1	-1	-1	-1	-1	
-1	102	76	17	-1	-1	-1	-1	-1	-1	-1	
-1	101	76	16	-1	-1	-1	-1	-1	-1	-1	
-1	105	70	20	-1	-1	-1	-1	-1	-1	-1	
-1	104	71	20	-1	-1	-1	-1	-1	-1	-1	
-1	105	70	21	-1	-1	-1	-1	-1	-1	-1	
-1	101	74	21	-1	-1	-1	-1	-1	-1	-1	
-1	105	71	24	-1	-1	-1	-1	-1	-1	-1	
-1	102	74	17	-1	-1	-1	-1	-1	-1	-1	
-1	102	74	17	-1	-1	-1	-1	-1	-1	-1	
-1	103	70	19	-1	-1	-1	-1	-1	-1	-1	
-1	105	68	18	-1	-1	-1	-1	-1	-1	-1	
-1	105	70	17	-1	-1	-1	-1	-1	-1	-1	
-1	104	71	19	-1	-1	-1	-1	-1	-1	-1	
-1	107	69	16	-1	-1	-1	-1	-1	-1	-1	
-1	107	72	18	-1	-1	-1	-1	-1	-1	-1	
9	150	53	14	-1	-1	-1	-1	-1	-1	-1	
-1	-1	-1	-1	-1	-1	-1	-1	-1	-1	-1	
-1	-1	-1	-1	-1	-1	-1	-1	-1	-1	-1	
-1	-1	-1	-1	-1	-1	-1	-1	-1	-1	-1	
-1	-1	-1	-1	-1	-1	-1	-1	-1	-1	-1	
-1	-1	-1	-1	-1	-1	-1	-1	-1	-1	-1	
-------------------------Number of TCAM Overflow occurence-----------------
-1
-1
-1
-1
-1
-1
-1
-1
-1
-1
-1
-1
-1
-1
-1
-1
-1
-1
-1
-1
-1
-1
-1
-1
-1
-1
-1
-1
-1
-1
-1
-1
-1
-1
-1
-1
-1
-1
-1
-1
-1
-1
-1
-1
-1
-1
-1
-1
-1
-1
-1
-1
-1
-1
-1
-1
-1
-1
-1
-1
-1
-1
-1
-1
-1
-1
-1
-1
-1
-1
-1
-1
-1
-1
-1
-1
-1
-1
-1
-1
-1
-1
-1
-1
-1
-1
-1
-1
-1
-1
-1
-1
-1
-1
-1
-1
-1
-1
-1
-1
-1
-1
-1
-1
-1
-1
-1
-1
-1
-1
