-------------------------Distribution of TCAM Usage------------------------
257	59	12	6	2	0	1	3	0	0	0	
69	202	43	11	6	3	2	3	0	1	0	
17	181	96	21	6	7	6	2	1	3	2	
11	92	145	54	11	5	5	8	4	1	3	
9	59	144	64	38	5	3	7	4	3	2	
9	28	149	78	43	15	3	4	4	5	2	
9	16	122	91	47	30	9	4	9	1	7	
7	11	97	106	48	34	14	4	5	7	5	
11	9	77	116	52	34	23	5	4	8	0	
11	11	64	127	50	41	16	8	3	11	3	
9	8	65	124	54	41	19	6	4	5	6	
10	8	72	121	50	38	19	7	5	8	4	
8	11	69	123	54	41	15	8	4	6	4	
12	9	68	123	54	37	18	10	5	6	4	
11	9	65	123	57	37	17	7	6	6	5	
11	12	60	131	55	36	16	9	7	5	6	
8	10	66	124	65	29	15	12	6	3	4	
12	7	80	116	58	35	17	8	6	4	4	
12	5	79	119	58	34	15	12	3	6	2	
11	9	74	118	58	37	18	9	3	4	4	
11	12	79	115	55	38	17	9	4	0	7	
11	12	73	119	55	41	15	9	3	7	2	
11	9	68	126	55	37	15	9	7	3	5	
12	7	72	116	59	38	18	10	3	8	2	
12	9	74	115	58	39	17	8	3	9	3	
10	10	71	114	64	35	19	7	5	4	4	
11	12	68	124	62	32	17	6	6	5	4	
12	14	66	117	63	34	18	6	8	5	4	
11	12	76	114	57	33	21	7	5	3	8	
10	11	76	119	55	38	16	6	4	3	8	
9	12	78	117	52	37	19	6	5	4	7	
9	12	77	115	58	34	18	7	5	3	8	
11	12	76	115	56	35	16	7	6	5	7	
10	13	76	115	56	35	16	7	7	5	6	
8	12	82	110	54	38	17	7	6	7	6	
9	9	74	116	58	37	17	7	7	7	5	
8	10	80	113	56	38	16	6	7	4	6	
12	8	70	118	64	32	18	7	8	5	4	
14	11	74	110	62	35	19	6	5	8	4	
14	11	70	120	55	32	24	5	5	9	4	
12	9	78	123	51	27	25	3	7	8	6	
10	10	77	124	48	34	20	4	6	8	5	
12	11	74	125	49	34	18	6	3	7	6	
12	10	74	125	51	33	22	6	4	8	3	
13	8	75	122	54	29	21	9	7	3	5	
9	10	65	131	56	34	18	6	6	7	3	
11	9	69	127	51	34	22	5	7	7	3	
11	9	71	119	61	34	20	7	4	4	5	
12	9	69	123	58	29	23	9	2	4	5	
13	8	74	123	56	30	24	7	3	5	5	
12	11	72	117	57	34	23	6	3	6	7	
12	10	71	122	54	36	17	9	5	7	5	
13	7	72	115	59	34	21	10	4	8	4	
11	10	76	115	59	37	15	9	5	5	7	
13	9	72	113	64	33	20	7	5	5	6	
15	11	67	119	58	36	18	7	6	5	6	
15	10	78	109	57	36	19	6	5	8	5	
12	11	78	115	55	35	20	3	8	5	6	
10	14	78	108	60	35	18	5	4	9	5	
10	9	83	114	56	32	21	4	3	9	6	
11	10	79	125	48	32	22	3	4	7	8	
10	8	82	116	58	33	17	4	5	8	3	
10	12	81	116	52	40	19	3	4	8	3	
14	10	80	113	57	36	21	3	4	6	4	
14	11	81	105	61	37	22	5	2	11	3	
11	10	74	118	60	33	22	5	2	11	4	
12	11	78	109	61	36	23	3	3	7	6	
13	11	76	114	59	32	19	9	2	7	6	
14	9	78	117	55	36	17	8	3	5	8	
12	10	80	114	57	35	17	7	6	2	8	
13	11	85	108	53	42	12	8	5	6	3	
15	9	77	121	53	38	14	7	4	6	4	
16	12	74	118	57	33	19	5	6	4	5	
15	9	82	116	52	33	22	4	4	5	8	
15	9	76	120	59	29	21	2	8	4	6	
15	7	78	113	61	35	16	8	6	6	5	
13	10	74	121	57	27	22	5	8	5	7	
13	11	72	117	59	37	16	5	7	7	2	
11	10	74	109	68	32	14	13	6	8	1	
8	13	71	118	57	36	18	8	4	9	2	
8	16	66	118	62	35	18	7	6	6	5	
8	13	74	115	55	44	13	5	6	8	3	
8	15	73	113	60	37	17	4	5	9	3	
12	10	75	117	58	37	19	2	3	10	3	
12	13	76	112	58	36	21	2	6	9	3	
10	12	69	122	58	36	21	1	6	6	7	
12	11	80	113	54	37	19	4	7	4	5	
11	13	68	119	63	37	15	6	7	5	4	
11	10	63	127	63	32	19	6	5	7	2	
14	11	67	123	59	35	19	5	7	5	3	
15	10	62	126	63	32	18	5	6	7	4	
14	12	71	118	62	34	16	4	7	6	4	
16	13	69	116	66	30	19	5	6	7	5	
12	9	79	113	60	37	16	5	7	6	5	
13	9	75	120	54	37	18	6	6	6	7	
10	11	77	116	60	34	15	6	6	5	6	
11	12	76	121	56	34	14	7	3	7	6	
10	11	75	124	59	32	16	3	5	7	7	
10	11	77	121	60	28	16	7	5	4	8	
9	9	72	124	64	25	20	6	4	5	9	
8	10	74	123	62	26	20	7	4	3	10	
8	12	78	116	58	33	20	3	6	2	9	
12	8	77	115	61	30	22	5	5	5	6	
13	10	82	113	56	31	24	0	5	7	9	
10	27	128	94	38	24	7	5	5	9	3	
4	0	2	1	2	1	5	1	0	1	0	
0	0	0	2	3	0	0	1	2	1	2	
0	1	0	1	1	0	1	0	0	1	1	
0	0	0	0	0	1	0	0	0	1	1	
1	0	2	0	0	0	0	1	0	0	0	
-------------------------Number of TCAM Overflow occurence-----------------
0
1
1
0
0
0
0
1
0
0
1
0
1
0
1
0
0
1
0
0
0
0
1
0
0
0
0
0
0
0
0
0
0
1
0
0
0
0
0
0
0
0
0
0
0
0
0
0
1
0
0
0
1
0
0
0
0
0
1
0
0
0
0
0
0
0
0
0
0
0
1
0
0
0
0
0
0
0
0
0
0
0
0
1
0
0
0
0
0
1
0
0
0
0
0
0
0
0
0
0
0
0
0
0
0
1
0
0
1
0
