-------------------------Distribution of TCAM Usage------------------------
328	7	2	-1	-1	-1	-1	-1	-1	-1	-1	
314	17	3	-1	-1	-1	-1	-1	-1	-1	-1	
304	22	4	2	-1	-1	-1	-1	-1	-1	-1	
266	54	8	-1	-1	-1	-1	-1	-1	-1	-1	
234	78	11	1	-1	-1	-1	-1	-1	-1	-1	
207	103	9	4	-1	-1	-1	-1	-1	-1	-1	
185	125	8	0	-1	-1	-1	-1	-1	-1	-1	
156	150	8	4	-1	-1	-1	-1	-1	-1	-1	
133	173	6	7	-1	-1	-1	-1	-1	-1	-1	
124	174	13	5	-1	-1	-1	-1	-1	-1	-1	
117	181	12	3	-1	-1	-1	-1	-1	-1	-1	
125	172	13	3	-1	-1	-1	-1	-1	-1	-1	
123	174	13	4	-1	-1	-1	-1	-1	-1	-1	
122	178	11	3	-1	-1	-1	-1	-1	-1	-1	
124	173	15	3	-1	-1	-1	-1	-1	-1	-1	
127	168	17	3	-1	-1	-1	-1	-1	-1	-1	
133	167	13	1	-1	-1	-1	-1	-1	-1	-1	
131	166	16	2	-1	-1	-1	-1	-1	-1	-1	
129	169	14	3	-1	-1	-1	-1	-1	-1	-1	
126	175	11	2	-1	-1	-1	-1	-1	-1	-1	
127	173	14	-1	-1	-1	-1	-1	-1	-1	-1	
119	183	10	3	-1	-1	-1	-1	-1	-1	-1	
122	179	11	1	-1	-1	-1	-1	-1	-1	-1	
121	181	10	3	-1	-1	-1	-1	-1	-1	-1	
124	177	10	5	-1	-1	-1	-1	-1	-1	-1	
122	179	13	1	-1	-1	-1	-1	-1	-1	-1	
127	175	10	2	-1	-1	-1	-1	-1	-1	-1	
124	177	12	2	-1	-1	-1	-1	-1	-1	-1	
129	172	11	1	-1	-1	-1	-1	-1	-1	-1	
131	169	12	2	-1	-1	-1	-1	-1	-1	-1	
130	168	13	1	-1	-1	-1	-1	-1	-1	-1	
129	173	10	0	-1	-1	-1	-1	-1	-1	-1	
133	167	12	1	-1	-1	-1	-1	-1	-1	-1	
129	172	11	3	-1	-1	-1	-1	-1	-1	-1	
133	169	11	2	-1	-1	-1	-1	-1	-1	-1	
126	176	11	3	-1	-1	-1	-1	-1	-1	-1	
128	172	12	3	-1	-1	-1	-1	-1	-1	-1	
128	175	10	4	-1	-1	-1	-1	-1	-1	-1	
127	176	10	4	-1	-1	-1	-1	-1	-1	-1	
129	176	7	6	-1	-1	-1	-1	-1	-1	-1	
131	174	7	5	-1	-1	-1	-1	-1	-1	-1	
131	171	10	6	-1	-1	-1	-1	-1	-1	-1	
133	170	8	5	-1	-1	-1	-1	-1	-1	-1	
129	174	10	3	-1	-1	-1	-1	-1	-1	-1	
133	167	15	-1	-1	-1	-1	-1	-1	-1	-1	
126	172	13	2	-1	-1	-1	-1	-1	-1	-1	
130	169	14	3	-1	-1	-1	-1	-1	-1	-1	
127	174	11	2	-1	-1	-1	-1	-1	-1	-1	
130	169	12	2	-1	-1	-1	-1	-1	-1	-1	
128	176	9	3	-1	-1	-1	-1	-1	-1	-1	
128	171	13	2	-1	-1	-1	-1	-1	-1	-1	
125	174	14	4	-1	-1	-1	-1	-1	-1	-1	
127	173	13	4	-1	-1	-1	-1	-1	-1	-1	
130	174	10	3	-1	-1	-1	-1	-1	-1	-1	
129	175	10	2	-1	-1	-1	-1	-1	-1	-1	
129	175	11	2	-1	-1	-1	-1	-1	-1	-1	
133	170	11	3	-1	-1	-1	-1	-1	-1	-1	
133	168	14	2	-1	-1	-1	-1	-1	-1	-1	
129	172	10	5	-1	-1	-1	-1	-1	-1	-1	
132	171	8	6	-1	-1	-1	-1	-1	-1	-1	
127	179	6	5	-1	-1	-1	-1	-1	-1	-1	
129	176	7	5	-1	-1	-1	-1	-1	-1	-1	
127	179	8	6	-1	-1	-1	-1	-1	-1	-1	
125	181	8	4	-1	-1	-1	-1	-1	-1	-1	
127	179	7	7	-1	-1	-1	-1	-1	-1	-1	
129	177	7	6	-1	-1	-1	-1	-1	-1	-1	
124	178	11	5	-1	-1	-1	-1	-1	-1	-1	
129	171	12	5	-1	-1	-1	-1	-1	-1	-1	
132	169	13	2	-1	-1	-1	-1	-1	-1	-1	
130	171	14	2	-1	-1	-1	-1	-1	-1	-1	
130	170	13	2	-1	-1	-1	-1	-1	-1	-1	
131	170	10	3	-1	-1	-1	-1	-1	-1	-1	
137	168	9	1	-1	-1	-1	-1	-1	-1	-1	
132	170	11	3	-1	-1	-1	-1	-1	-1	-1	
132	175	9	2	-1	-1	-1	-1	-1	-1	-1	
134	170	13	3	-1	-1	-1	-1	-1	-1	-1	
134	170	12	3	-1	-1	-1	-1	-1	-1	-1	
133	169	14	3	-1	-1	-1	-1	-1	-1	-1	
130	170	13	5	-1	-1	-1	-1	-1	-1	-1	
127	171	13	4	-1	-1	-1	-1	-1	-1	-1	
122	177	12	3	-1	-1	-1	-1	-1	-1	-1	
121	182	8	4	-1	-1	-1	-1	-1	-1	-1	
122	180	8	4	-1	-1	-1	-1	-1	-1	-1	
119	184	6	6	-1	-1	-1	-1	-1	-1	-1	
127	176	8	5	-1	-1	-1	-1	-1	-1	-1	
119	184	9	4	-1	-1	-1	-1	-1	-1	-1	
128	176	11	2	-1	-1	-1	-1	-1	-1	-1	
123	178	13	2	-1	-1	-1	-1	-1	-1	-1	
123	179	11	3	-1	-1	-1	-1	-1	-1	-1	
122	179	13	3	-1	-1	-1	-1	-1	-1	-1	
132	169	12	4	-1	-1	-1	-1	-1	-1	-1	
133	174	9	2	-1	-1	-1	-1	-1	-1	-1	
139	168	8	4	-1	-1	-1	-1	-1	-1	-1	
135	170	10	3	-1	-1	-1	-1	-1	-1	-1	
136	170	9	3	-1	-1	-1	-1	-1	-1	-1	
132	172	11	1	-1	-1	-1	-1	-1	-1	-1	
123	179	10	2	-1	-1	-1	-1	-1	-1	-1	
123	179	11	2	-1	-1	-1	-1	-1	-1	-1	
126	180	7	1	-1	-1	-1	-1	-1	-1	-1	
119	183	9	3	-1	-1	-1	-1	-1	-1	-1	
128	177	8	2	-1	-1	-1	-1	-1	-1	-1	
123	180	9	1	-1	-1	-1	-1	-1	-1	-1	
125	179	9	3	-1	-1	-1	-1	-1	-1	-1	
135	170	8	4	-1	-1	-1	-1	-1	-1	-1	
199	112	9	4	-1	-1	-1	-1	-1	-1	-1	
-1	-1	-1	-1	-1	-1	-1	-1	-1	-1	-1	
-1	-1	-1	-1	-1	-1	-1	-1	-1	-1	-1	
-1	-1	-1	-1	-1	-1	-1	-1	-1	-1	-1	
-1	-1	-1	-1	-1	-1	-1	-1	-1	-1	-1	
-1	-1	-1	-1	-1	-1	-1	-1	-1	-1	-1	
-------------------------Number of TCAM Overflow occurence-----------------
-1
-1
-1
-1
-1
-1
-1
-1
-1
-1
-1
-1
-1
-1
-1
-1
-1
-1
-1
-1
-1
-1
-1
-1
-1
-1
-1
-1
-1
-1
-1
-1
-1
-1
-1
-1
-1
-1
-1
-1
-1
-1
-1
-1
-1
-1
-1
-1
-1
-1
-1
-1
-1
-1
-1
-1
-1
-1
-1
-1
-1
-1
-1
-1
-1
-1
-1
-1
-1
-1
-1
-1
-1
-1
-1
-1
-1
-1
-1
-1
-1
-1
-1
-1
-1
-1
-1
-1
-1
-1
-1
-1
-1
-1
-1
-1
-1
-1
-1
-1
-1
-1
-1
-1
-1
-1
-1
-1
-1
-1
