-------------------------Distribution of TCAM Usage------------------------
328	4	2	0	-1	-1	-1	-1	-1	-1	-1	
314	18	2	-1	-1	-1	-1	-1	-1	-1	-1	
299	25	6	2	-1	-1	-1	-1	-1	-1	-1	
271	51	5	1	-1	-1	-1	-1	-1	-1	-1	
231	86	8	0	-1	-1	-1	-1	-1	-1	-1	
200	112	9	3	-1	-1	-1	-1	-1	-1	-1	
174	137	8	5	-1	-1	-1	-1	-1	-1	-1	
145	162	8	4	-1	-1	-1	-1	-1	-1	-1	
136	167	10	6	-1	-1	-1	-1	-1	-1	-1	
123	178	13	4	-1	-1	-1	-1	-1	-1	-1	
121	181	11	4	-1	-1	-1	-1	-1	-1	-1	
124	177	11	3	-1	-1	-1	-1	-1	-1	-1	
131	169	13	4	-1	-1	-1	-1	-1	-1	-1	
122	179	10	6	-1	-1	-1	-1	-1	-1	-1	
117	178	15	5	-1	-1	-1	-1	-1	-1	-1	
124	172	14	6	-1	-1	-1	-1	-1	-1	-1	
126	175	9	4	-1	-1	-1	-1	-1	-1	-1	
127	170	14	5	-1	-1	-1	-1	-1	-1	-1	
128	170	11	6	-1	-1	-1	-1	-1	-1	-1	
126	176	7	7	-1	-1	-1	-1	-1	-1	-1	
130	169	11	4	-1	-1	-1	-1	-1	-1	-1	
130	171	8	8	-1	-1	-1	-1	-1	-1	-1	
122	180	11	3	-1	-1	-1	-1	-1	-1	-1	
128	178	8	5	-1	-1	-1	-1	-1	-1	-1	
127	178	9	5	-1	-1	-1	-1	-1	-1	-1	
126	180	7	6	-1	-1	-1	-1	-1	-1	-1	
128	175	12	2	-1	-1	-1	-1	-1	-1	-1	
130	173	11	2	-1	-1	-1	-1	-1	-1	-1	
131	172	13	2	-1	-1	-1	-1	-1	-1	-1	
131	174	10	1	-1	-1	-1	-1	-1	-1	-1	
133	171	11	1	-1	-1	-1	-1	-1	-1	-1	
130	174	11	1	-1	-1	-1	-1	-1	-1	-1	
133	171	10	2	-1	-1	-1	-1	-1	-1	-1	
132	171	12	1	-1	-1	-1	-1	-1	-1	-1	
131	172	10	4	-1	-1	-1	-1	-1	-1	-1	
139	165	10	3	-1	-1	-1	-1	-1	-1	-1	
130	174	10	2	-1	-1	-1	-1	-1	-1	-1	
135	168	10	3	-1	-1	-1	-1	-1	-1	-1	
129	175	9	3	-1	-1	-1	-1	-1	-1	-1	
130	174	9	1	-1	-1	-1	-1	-1	-1	-1	
125	180	8	1	-1	-1	-1	-1	-1	-1	-1	
125	180	8	2	-1	-1	-1	-1	-1	-1	-1	
125	178	10	1	-1	-1	-1	-1	-1	-1	-1	
126	177	9	2	-1	-1	-1	-1	-1	-1	-1	
125	179	8	2	-1	-1	-1	-1	-1	-1	-1	
127	178	7	3	-1	-1	-1	-1	-1	-1	-1	
128	176	7	5	-1	-1	-1	-1	-1	-1	-1	
131	172	9	4	-1	-1	-1	-1	-1	-1	-1	
125	175	13	3	-1	-1	-1	-1	-1	-1	-1	
130	172	10	4	-1	-1	-1	-1	-1	-1	-1	
122	178	12	3	-1	-1	-1	-1	-1	-1	-1	
122	178	12	1	-1	-1	-1	-1	-1	-1	-1	
119	180	13	1	-1	-1	-1	-1	-1	-1	-1	
121	179	10	3	-1	-1	-1	-1	-1	-1	-1	
121	180	10	3	-1	-1	-1	-1	-1	-1	-1	
119	182	12	2	-1	-1	-1	-1	-1	-1	-1	
128	174	11	3	-1	-1	-1	-1	-1	-1	-1	
125	177	11	3	-1	-1	-1	-1	-1	-1	-1	
126	175	13	3	-1	-1	-1	-1	-1	-1	-1	
127	176	10	2	-1	-1	-1	-1	-1	-1	-1	
119	183	12	2	-1	-1	-1	-1	-1	-1	-1	
126	177	9	4	-1	-1	-1	-1	-1	-1	-1	
130	171	11	4	-1	-1	-1	-1	-1	-1	-1	
121	181	11	3	-1	-1	-1	-1	-1	-1	-1	
125	177	10	2	-1	-1	-1	-1	-1	-1	-1	
123	177	11	3	-1	-1	-1	-1	-1	-1	-1	
127	175	12	1	-1	-1	-1	-1	-1	-1	-1	
121	183	8	3	-1	-1	-1	-1	-1	-1	-1	
120	181	10	3	-1	-1	-1	-1	-1	-1	-1	
118	185	10	2	-1	-1	-1	-1	-1	-1	-1	
123	181	9	0	-1	-1	-1	-1	-1	-1	-1	
122	183	8	0	-1	-1	-1	-1	-1	-1	-1	
127	177	9	2	-1	-1	-1	-1	-1	-1	-1	
127	177	9	4	-1	-1	-1	-1	-1	-1	-1	
125	180	8	4	-1	-1	-1	-1	-1	-1	-1	
137	170	8	3	-1	-1	-1	-1	-1	-1	-1	
132	175	8	3	-1	-1	-1	-1	-1	-1	-1	
137	167	10	1	-1	-1	-1	-1	-1	-1	-1	
131	173	9	2	-1	-1	-1	-1	-1	-1	-1	
129	173	12	2	-1	-1	-1	-1	-1	-1	-1	
133	168	12	3	-1	-1	-1	-1	-1	-1	-1	
137	165	13	2	-1	-1	-1	-1	-1	-1	-1	
134	168	12	2	-1	-1	-1	-1	-1	-1	-1	
128	172	13	2	-1	-1	-1	-1	-1	-1	-1	
135	170	9	1	-1	-1	-1	-1	-1	-1	-1	
133	172	9	4	-1	-1	-1	-1	-1	-1	-1	
130	172	11	2	-1	-1	-1	-1	-1	-1	-1	
129	173	12	2	-1	-1	-1	-1	-1	-1	-1	
127	176	11	3	-1	-1	-1	-1	-1	-1	-1	
128	173	12	3	-1	-1	-1	-1	-1	-1	-1	
128	174	11	3	-1	-1	-1	-1	-1	-1	-1	
138	168	8	4	-1	-1	-1	-1	-1	-1	-1	
136	168	9	3	-1	-1	-1	-1	-1	-1	-1	
128	173	10	4	-1	-1	-1	-1	-1	-1	-1	
125	175	11	4	-1	-1	-1	-1	-1	-1	-1	
129	174	8	5	-1	-1	-1	-1	-1	-1	-1	
136	168	6	6	-1	-1	-1	-1	-1	-1	-1	
138	166	9	3	-1	-1	-1	-1	-1	-1	-1	
135	168	10	3	-1	-1	-1	-1	-1	-1	-1	
129	175	10	1	-1	-1	-1	-1	-1	-1	-1	
129	175	11	3	-1	-1	-1	-1	-1	-1	-1	
126	174	14	1	-1	-1	-1	-1	-1	-1	-1	
124	177	13	0	-1	-1	-1	-1	-1	-1	-1	
131	173	9	2	-1	-1	-1	-1	-1	-1	-1	
205	104	9	3	-1	-1	-1	-1	-1	-1	-1	
-1	-1	-1	-1	-1	-1	-1	-1	-1	-1	-1	
-1	-1	-1	-1	-1	-1	-1	-1	-1	-1	-1	
-1	-1	-1	-1	-1	-1	-1	-1	-1	-1	-1	
-1	-1	-1	-1	-1	-1	-1	-1	-1	-1	-1	
-1	-1	-1	-1	-1	-1	-1	-1	-1	-1	-1	
-------------------------Number of TCAM Overflow occurence-----------------
-1
-1
-1
-1
-1
-1
-1
-1
-1
-1
-1
-1
-1
-1
-1
-1
-1
-1
-1
-1
-1
-1
-1
-1
-1
-1
-1
-1
-1
-1
-1
-1
-1
-1
-1
-1
-1
-1
-1
-1
-1
-1
-1
-1
-1
-1
-1
-1
-1
-1
-1
-1
-1
-1
-1
-1
-1
-1
-1
-1
-1
-1
-1
-1
-1
-1
-1
-1
-1
-1
-1
-1
-1
-1
-1
-1
-1
-1
-1
-1
-1
-1
-1
-1
-1
-1
-1
-1
-1
-1
-1
-1
-1
-1
-1
-1
-1
-1
-1
-1
-1
-1
-1
-1
-1
-1
-1
-1
-1
-1
