

-------------------------------------------------------------------------------
1000000	totally flow number

3321057
4785428
6079699
7236014
7765045
8229241
8637680
8914475
9120564
9288078
9364682
9431177
9378347
9266159
9268162
9239564
9219455
9204096
9220790
9264111
9235965
9216972
9173711
9168472
9197223
9261544
9229370
9197422
9152687
9119016
9172688
9215913
9267526
9262998
9268947
9216446
9189043
9214109
9190791
9133082
9112531
9139150
9159088
9186021
9191211
9212270
9221859
9209383
9274452
9216090
9228686
9304024
9305512
9252555
9246272
9158010
9246736
9198440
9149429
9115791
9069931
9071275
9168217
9218918
9298524
9266422
9258100
9241283
9125260
9189845
9216467
9121225
9019529
9083249
9150914
9210008
9248758
9285457
9364590
9237112
9245599
9174091
9180149
9153359
9123584
9198428
9146273
9211701
9222215
9222566
9216402
9248593
9216912
9171810
9171657
9208013
9169851
9172749
9178935
9163436
9137215
9175911
9182872
9185031
9156630
9107752
9103678
9107657
9075154
9019348
8985684
9001795
9053200
9138678
9206679
9195334
9221028
9216162
9195673
9234408
9297543
9236996
9162651
9158886
9180406
9194569
9122376
9213323
9313908
9286760
9250684
9252528
9256535
9294535
9261662
9264359
9198334
9214362
9176446
9197986
9265507
9226100
9304012
9197995
9225920
9211356
9155222
9157815
9162425
9183422
9199431
9143771
9142363
9136925
9141313
9172549
9126873
9100911
9183447
9210375
9228434
9151810
9147894
9162335
9232170
9170088
9200773
9198784
9081303
9088352
9078566
9081267
9186723
9267477
9255537
9234860
9197725
9173343
9180360
9170287
9178025
9231552
9265197
9306690
9343323
9291842
9349149
9301877
9261492
9237910
9243336
9295849
9271240
9333905
9313567
9253297
9179396
9167764
9095240
9156714
9130689
9136806
9287691
9288854
9275871
9267095
9254953
9230447
9241080
9260754
9230152
9179454
9186392
9205276
9182723
9164652
9274890
9387265
9396517
9333708
9234141
9256522
9199264
9168701
9188767
9175025
9204413
9233132
9248885
9315904
9245642
9203656
9195482
9196414
9192114
9152240
9154682
9244206
9204012
9206743
9079264
9134951
9224340
9163445
9076167
9116359
9199751
9183973
9157701
9159519
9224649
9250144
9247709
9333851
9328683
9303433
9181342
9197745
9264288
9247658
7447141
