

-------------------------------------------------------------------------------
1000000	totally flow number

1123
3807
6713
9817
13007
16078
19170
22197
25231
28113
30913
33914
36963
39935
42848
45946
48885
51851
54922
57895
60943
63944
66956
69903
72840
75825
78703
81733
84831
87847
90785
93799
96812
99864
102895
105943
108907
111987
114939
117885
120858
123935
126943
129927
132936
135983
139022
142076
145081
148153
151141
154022
157008
159966
162909
165862
168827
171805
174750
177778
180810
183885
186980
189949
192889
195895
198907
201884
204942
207875
210923
213851
216767
219694
222690
225754
228726
231632
234674
237543
240534
243505
246587
249566
252538
255551
258641
261629
264678
267703
270646
273682
276706
279727
282730
285725
288648
291619
294607
297592
300611
303758
306800
309775
312734
315731
318683
321622
324530
327486
330588
333603
336628
339636
342582
345565
348539
351441
354490
357487
360501
363435
366485
369423
372393
375490
378468
381415
384323
387229
390231
393250
396224
399178
402206
405283
408259
411266
414240
417247
420244
423220
426171
429083
432059
435107
438151
441261
444299
447359
450315
453284
456326
459249
462206
465160
468176
471154
474238
477156
480126
483126
486030
489007
492067
495161
498126
501012
504015
507009
509979
512877
515874
518777
521688
524617
527523
530597
533614
536661
539636
542657
545559
548665
551688
554551
557526
560543
563626
566620
569633
572634
575614
578711
581638
584607
587589
590540
593531
596504
599429
602495
605598
608607
611583
614712
617712
620719
623620
626615
629699
632687
635731
638738
641695
644627
647627
650672
653660
656662
659677
662747
665716
668634
671556
674448
677451
680295
683285
686287
689203
692166
695118
698039
701106
704097
707082
709932
712827
715708
718696
721724
724754
727760
730776
733779
736815
739775
742679
745660
748717
751714
754694
757664
760687
763561
766569
769556
772581
775651
776708
