

-------------------------------------------------------------------------------
1000000	totally flow number

1123
4335
7758
11283
14913
18633
22302
26020
29745
33407
37187
40863
44596
48350
52107
55914
59675
63428
67239
71004
74778
78558
82314
86191
90020
93755
97497
101282
105075
108869
112614
116336
120182
123958
127760
131514
135280
139015
142785
146558
150323
154113
157881
161745
165559
169466
173247
177013
180811
184585
188316
192108
195866
199677
203600
207424
211231
215143
218924
222753
226570
230310
234139
237957
241734
245475
249216
253056
256843
260646
264530
268306
272147
275980
279690
283463
287284
291095
294879
298653
302402
306174
310001
313800
317634
321420
325138
328947
332770
336593
340405
344190
347997
351752
355526
359353
363187
367082
370916
374755
378506
382269
386071
389818
393522
397211
400939
404787
408570
412346
416104
419836
423677
427471
431206
435008
438798
442595
446324
450114
453942
457698
461467
465266
468990
472808
476596
480340
484134
487953
491685
495401
499216
502949
506634
510511
514192
517979
521732
525499
529230
533066
536725
540522
544320
548161
551851
555671
559523
563237
566988
570777
574484
578301
582057
585772
589567
593316
597053
600791
604531
608331
612231
615906
619666
623443
627120
630926
634686
638488
642269
646114
649870
653643
657456
661218
665042
668791
672535
676289
680047
683850
687589
691407
695198
698895
702651
706482
710221
714039
717718
721452
725238
729061
732844
736643
740436
744121
747960
751674
755459
759264
763042
766810
770588
774284
778057
781905
785680
789476
793278
797156
800851
804632
808409
812182
815958
819764
823534
827354
831192
834988
838707
842517
846272
850058
853888
857695
861392
865235
868925
872739
876622
880473
884257
888061
891866
895608
899447
903231
907032
910814
914552
918322
922115
925829
929696
933466
937268
941095
944861
948616
952437
956319
960132
963907
967689
971424
975210
978967
980186
