

-------------------------------------------------------------------------------
1000000	totally flow number

140736623497390
140736628629060
140736635646571
140736643700684
140736652864266
140736663187152
140736674692520
140736687286163
140736701019682
140736715857192
140736731781491
140736748904904
140736767254112
140736786923218
140736807904894
140736830285734
140736854042590
140736879055896
140736905417085
140736933272183
140736962595058
140736993379309
140737025693890
140737059500995
140737094785004
140737131601972
140737169839632
140737209511253
140737250659653
140737293239561
140737337302986
140737382793108
140737429711195
140737478110266
140737527893941
140737579035965
140737631612964
140737685584057
140737740899038
140737797518511
140737855373064
140737914482655
140737974938710
140738036738015
140738099837939
140738164274269
140738230120110
140738297317482
140738365698654
140738435340217
140738506095874
140738577981306
140738650937407
140738724931743
140738799972335
140738875981547
140738952875099
140739030564214
140739109076803
140739188373380
140739268417890
140739349260305
140739430800858
140739513081586
140739596047745
140739679709337
140739764052574
140739849024121
140739934621889
140740020891745
140740107789215
140740195240442
140740283281048
140740371878809
140740461022793
140740550728645
140740641006066
140740731839319
140740823206412
140740915066724
140741007417399
140741100279491
140741193543919
140741287234365
140741381389479
140741475995085
140741571054149
140741666532364
140741762427986
140741858736923
140741955465019
140742052600452
140742150083565
140742247898960
140742346051227
140742444534284
140742543411786
140742642653707
140742742201034
140742842010190
140742942072949
140743042409070
140743142991123
140743243826240
140743344914836
140743446272146
140743547844138
140743649668468
140743751706336
140743853955846
140743956426522
140744059073139
140744161894430
140744264886643
140744368048131
140744471378908
140744574867058
140744678505566
140744782277031
140744886238647
140744990328885
140745094567632
140745198955091
140745303481773
140745408138430
140745512925456
140745617839431
140745722878523
140745828043282
140745933320230
140746038717985
140746144235293
140746249876258
140746355626576
140746461457221
140746567397550
140746673433199
140746779560949
140746885776863
140746992072051
140747098425471
140747204859633
140747311393227
140747418018505
140747524720632
140747631493817
140747738323290
140747845215525
140747952145089
140748059145268
140748166207822
140748273342310
140748380534995
140748487754601
140748595009391
140748702337678
140748809738451
140748917164193
140749024617547
140749132194202
140749239803319
140749347466216
140749455191205
140749562953843
140749670741912
140749778551304
140749886392366
140749994274505
140750102198207
140750210178466
140750318213826
140750426276701
140750534360583
140750642467735
140750750582333
140750858746462
140750966906931
140751075092505
140751183269337
140751291410994
140751399525525
140751507656543
140751615841463
140751724050460
140751832305813
140751940579743
140752048834041
140752157111547
140752265334461
140752373555862
140752481856118
140752590154698
140752698400971
140752806660675
140752914898749
140753023107453
140753131367524
140753239580440
140753347764145
140753455896348
140753564042587
140753672201696
140753780336948
140753888405541
140753996513911
140754104632885
140754212741574
140754320859682
140754428941510
140754537062659
140754645180463
140754753294944
140754861365675
140754969395459
140755077414939
140755185448451
140755293472488
140755401580146
140755509668471
140755617769849
140755725899710
140755834009297
140755942128703
140756050242609
140756158347811
140756266486885
140756374657243
140756482798546
140756590915519
140756699007005
140756807112982
140756915232802
140757023394857
140757131552471
140757239610972
140757347699133
140757455781133
140757563919456
140757672045547
140757780162725
140757888332986
140757996485711
140758104608627
140758212732315
140758320854852
140758428957619
140758537044580
140758645112887
140758753131734
140758861133334
140758969104190
140759077172459
140759185224925
140759293258873
140759401280428
140759509288705
140759617359326
140759725440806
140759833527800
140759941614603
140760048518410
