

-------------------------------------------------------------------------------
1000000	totally flow number

140735432769838
140735434391130
140735437083196
140735440790400
140735445294602
140735450203600
140735455565775
140735461309956
140735467255894
140735473302600
140735479462683
140735485640217
140735491853418
140735498218110
140735504490320
140735510675436
140735516785727
140735522957200
140735529098557
140735535301465
140735541419587
140735547428885
140735553547981
140735559669657
140735565862398
140735572022268
140735578250047
140735584366105
140735590544557
140735596725148
140735602916895
140735609127226
140735615314386
140735621479726
140735627707630
140735633902860
140735640010931
140735646159714
140735652340987
140735658482866
140735664618140
140735670821765
140735677010745
140735683180371
140735689304963
140735695423962
140735701600144
140735707845237
140735714114640
140735720322690
140735726422018
140735732484582
140735738583506
140735744815589
140735751018098
140735757221260
140735763430210
140735769597241
140735775859916
140735782129456
140735788462863
140735794705155
140735800861537
140735807118074
140735813383264
140735819596565
140735825656103
140735831718237
140735837711394
140735843783754
140735849974060
140735856197794
140735862354121
140735868456598
140735874665967
140735880959190
140735887272862
140735893471420
140735899732384
140735905892008
140735911988117
140735918069782
140735924074730
140735930131486
140735936228923
140735942306877
140735948414491
140735954513422
140735960580421
140735966724210
140735972826246
140735978862211
140735984946958
140735991013796
140735997016683
140736003072768
140736009125449
140736015203048
140736021372859
140736027585306
140736033765606
140736039823027
140736045849771
140736052026796
140736058274390
140736064478810
140736070607922
140736076787299
140736082992638
140736089147985
140736095299761
140736101409907
140736107404772
140736113462914
140736119537594
140736125552436
140736131671035
140736137782374
140736143889132
140736149935852
140736156039793
140736162111223
140736168248007
140736174293203
140736180374221
140736186407518
140736192422630
140736198338589
140736204413331
140736210463892
140736216519921
140736222604243
140736228761619
140736234843147
140736240909794
140736246964227
140736253166346
140736259375653
140736265579289
140736271781861
140736277949063
140736284104124
140736290278230
140736296360302
140736302464055
140736308636845
140736314733821
140736320785701
140736326830912
140736332897253
140736338984394
140736345002170
140736351104832
140736357151173
140736363189428
140736369307942
140736375425977
140736381746693
140736388108422
140736394363024
140736400682782
140736407027458
140736413261946
140736419442203
140736425656104
140736431928581
140736438080531
140736444194242
140736450422788
140736456629375
140736462862810
140736469224168
140736475645122
140736481916006
140736488222501
140736494649207
140736500925534
140736507132309
140736513365068
140736519550100
140736525634103
140736531737807
140736537861582
140736543969621
140736550116379
140736556327239
140736562396379
140736568452067
140736574516537
140736580469548
140736586469414
140736592404733
140736598250889
140736604113542
140736610071048
140736616044276
140736622023772
140736627989287
140736634102405
140736640193620
140736646457686
140736652654832
140736658824071
140736665150681
140736671485562
140736677798815
140736684133286
140736690382496
140736696575639
140736702735124
140736708876704
140736714955951
140736721045776
140736727145241
140736733224527
140736739275233
140736745409168
140736751425038
140736757419238
140736763450460
140736769528899
140736775593140
140736781708990
140736787858437
140736793886769
140736799992697
140736806007824
140736811978004
140736818076872
140736824140128
140736830364303
140736836655221
140736842953607
140736849260640
140736855574673
140736862039376
140736868420128
140736874770750
140736881010000
140736887135863
140736893241989
140736899239027
140736905296551
140736911423490
140736917613567
140736923855229
140736930087177
140736936331762
140736942618114
140736948923175
140736955228287
140736961547126
140736967828923
140736974037621
140736980263735
140736986368168
140736992391294
140736998339765
140737004296952
140737010264436
140737015584275
