

-------------------------------------------------------------------------------
1000000	totally flow number

0
0
55
177
362
643
963
1181
1414
1612
1767
1931
2101
2263
2439
2659
2936
3187
3398
3600
3834
4081
4289
4506
4701
4898
5124
5350
5541
5767
6007
6257
6477
6758
6988
7167
7378
7609
7879
8056
8270
8466
8681
8898
9107
9316
9525
9707
9906
10138
10354
10568
10775
11013
11243
11527
11767
11954
12146
12367
12575
12755
12927
13106
13335
13518
13747
14006
14216
14446
14657
14871
15074
15300
15555
15747
15921
16152
16347
16536
16745
17033
17281
17567
17763
18018
18207
18399
18580
18826
19001
19192
19406
19642
19796
19963
20206
20435
20679
20888
21126
21369
21551
21760
22005
22216
22423
22638
22812
23005
23203
23405
23616
23854
24093
24310
24575
24761
24944
25202
25416
25617
25847
26112
26346
26514
26738
26951
27161
27389
27580
27822
28065
28288
28513
28762
28940
29188
29375
29579
29822
30024
30265
30467
30690
30936
31130
31357
31617
31835
32047
32270
32462
32708
32905
33106
33354
33565
33784
34009
34216
34460
34679
34921
35125
35346
35584
35810
36078
36300
36488
36693
36936
37146
37388
37628
37921
38120
38365
38498
38666
38895
39128
39340
39561
39794
40012
40271
40456
40664
40936
41208
41401
41622
41855
42114
42357
42558
42787
43014
43253
43522
43756
44003
44235
44408
44662
44874
45087
45337
45484
45696
45891
46029
46265
46516
46741
46955
47139
47354
47563
47773
47988
48232
48423
48633
48867
49096
49321
49519
49731
49957
50220
50380
50536
50740
50938
51172
51410
51626
51781
52010
52237
52455
52689
52919
53167
53378
53628
53819
53998
54214
54470
54665
54889
55163
55399
55666
55896
56091
56190
