

-------------------------------------------------------------------------------
1000000	totally flow number

473497
1803932
3281108
4915057
6182297
7354695
8796619
9969375
10793474
11635546
12685498
13815473
14933636
16070859
17165004
18393428
19532534
20741772
21993000
23225552
24528638
25611296
26750594
27899892
29088188
30173664
31321932
32381854
33428602
34477016
35482828
36469308
37453976
38487792
39478828
40492344
41491196
42515272
43542860
44667348
45740356
46792076
47988488
49169396
50297888
51418932
52516408
53653100
54743936
55785144
56839260
57894684
58942968
60052676
61119884
62170784
63188140
64227032
65279892
66316548
67296208
68261320
69233984
70182216
71162584
72112144
73005000
73911760
74824120
75738344
76617712
77529504
78414872
79267368
80052960
80828280
81591792
82273192
82961032
83624824
84237832
84845480
85439528
86021272
86613848
87076304
87521336
87955280
88406280
88884808
89286792
89693512
90066312
90435096
90837504
91166064
91505120
91846656
92171560
92491640
92873152
93169096
93505400
93810848
94104320
94419920
94710840
95005096
95269872
95556008
95794896
96059032
96319504
96598624
96839920
97065680
97299296
97481456
97715736
97921320
98128632
98352472
98498104
98654208
98808368
98976824
99202792
99334072
99495296
99651928
99787408
99991768
100126992
100250784
100392848
100533816
100618560
100691776
100854880
100962264
101056584
101128832
101240576
101368952
101463592
101516888
101613296
101635088
101727984
101788728
101887992
101934840
102009456
102106672
102181784
102254488
102331472
102383816
102451992
102560192
102621808
102652472
102685320
102727776
102781792
102849616
102921016
103019848
103075440
103119608
103164056
103174304
103259040
103320088
103327600
103376704
103424208
103453488
103450384
103428280
103415904
103469432
103501136
103540240
103558880
103512624
103535272
103603232
103568944
103521352
103540936
103555024
103585064
103582224
103558496
103525680
103562872
103537568
103479368
103470600
103424912
103365760
103347192
103359456
103427720
103392496
103398384
103385752
103402944
103400880
103459400
103448552
103416000
103436056
103479496
103390080
103353688
103413072
103444832
103497280
103493560
103444080
103477952
103431920
103457856
103416104
103453648
103420680
103441184
103463112
103502416
103519264
103450944
103503776
103449464
103447792
103408280
103447200
103417312
103448096
103441920
103437200
103447704
103465896
103475720
103515088
103423736
103499864
103537392
103571440
103548024
103599200
103611728
103654896
103637464
103653752
103664416
103644352
103665176
103618224
102086872
