

-------------------------------------------------------------------------------
1000000	totally flow number

0
12
215
565
1071
1641
2227
2918
3765
4598
5486
6383
7347
8269
9275
10305
11350
12440
13460
14577
15702
16876
18145
19425
20694
21980
23244
24545
25914
27268
28670
30143
31585
33071
34498
36026
37548
39142
40721
42262
43790
45377
47012
48578
50110
51731
53312
54979
56754
58401
60172
61805
63563
65234
66929
68716
70503
72272
74140
75933
77760
79590
81459
83273
85122
86960
88783
90720
92608
94568
96499
98457
100412
102461
104538
106625
108773
110916
113009
115173
117411
119520
121793
123981
126291
128480
130707
132922
135234
137564
139818
142213
144524
146914
149141
151571
153889
156245
158544
160912
163272
165604
167944
170272
172688
175029
177402
179772
182177
184580
186902
189225
191495
193810
196221
198456
200799
203177
205576
207840
210229
212607
214941
217270
219645
221970
224406
226847
229193
231413
233782
236172
238351
240609
242963
245319
247580
249894
252209
254589
256775
259000
261357
263653
265890
268156
270471
272663
274924
277129
279387
281610
283976
286217
288318
290561
292812
295014
297174
299355
301576
303816
306006
308162
310385
312527
314701
316819
319011
321203
323350
325466
327619
329681
331830
333934
336070
338196
340355
342452
344466
346641
348641
350794
352856
354854
356855
358907
360907
362949
365006
366906
368928
370904
372847
374802
376736
378730
380717
382595
384498
386378
388253
390183
392026
393870
395872
397930
399940
401937
403850
405848
407786
409741
411711
413723
415768
417862
419817
421858
423834
425853
427933
429913
432028
434179
436244
438344
440405
442503
444553
446644
448717
450729
452811
454916
456925
458969
461023
463082
465199
467415
469474
471557
473690
475769
477833
479916
482099
484188
486309
488415
490594
492687
494860
496981
499075
501227
503376
505500
506458
