

-------------------------------------------------------------------------------
1000000	totally flow number

140734299039698
140734299166675
140734299410827
140734299793532
140734300314834
140734300964418
140734301735605
140734302605247
140734303538338
140734304507648
140734305470312
140734306429213
140734307402140
140734308363529
140734309338475
140734310302038
140734311261743
140734312235515
140734313224341
140734314194471
140734315165466
140734316136369
140734317111658
140734318081437
140734319052175
140734320035485
140734321022125
140734322005110
140734322972388
140734323932388
140734324903726
140734325876167
140734326848279
140734327804284
140734328772687
140734329724932
140734330676446
140734331656412
140734332633598
140734333615998
140734334587421
140734335552937
140734336526587
140734337493116
140734338452608
140734339407375
140734340364074
140734341325607
140734342288850
140734343248233
140734344198962
140734345139868
140734346084193
140734347040039
140734347991231
140734348950697
140734349925050
140734350894170
140734351864859
140734352828499
140734353785272
140734354745423
140734355698898
140734356653284
140734357601914
140734358544500
140734359490877
140734360455523
140734361425352
140734362394468
140734363364108
140734364329956
140734365293690
140734366254107
140734367225573
140734368200236
140734369168838
140734370133772
140734371093447
140734372067439
140734373036348
140734374000183
140734374958502
140734375907540
140734376855991
140734377800287
140734378746095
140734379696884
140734380648017
140734381582400
140734382507853
140734383448720
140734384382137
140734385327520
140734386271101
140734387224265
140734388181597
140734389132877
140734390094831
140734391065035
140734392032592
140734393011265
140734394001616
140734394994987
140734396010863
140734397023037
140734398011500
140734399001767
140734399992390
140734400984107
140734401959209
140734402931096
140734403898973
140734404873033
140734405841077
140734406827087
140734407820586
140734408809308
140734409793325
140734410769431
140734411744777
140734412724138
140734413697806
140734414680501
140734415663572
140734416640751
140734417599500
140734418553894
140734419503357
140734420462645
140734421422703
140734422383087
140734423350198
140734424324400
140734425294470
140734426252190
140734427208447
140734428152322
140734429094062
140734430031977
140734430973517
140734431912776
140734432856634
140734433790182
140734434725881
140734435677695
140734436635834
140734437592994
140734438562157
140734439524177
140734440484528
140734441450247
140734442427581
140734443413333
140734444401398
140734445394335
140734446395688
140734447384098
140734448358366
140734449335485
140734450305332
140734451271580
140734452243929
140734453211686
140734454187171
140734455165401
140734456155146
140734457134834
140734458110459
140734459087382
140734460067796
140734461020835
140734461975430
140734462943267
140734463913093
140734464885202
140734465862567
140734466832873
140734467809349
140734468787595
140734469761360
140734470741379
140734471711779
140734472676619
140734473640552
140734474612730
140734475586483
140734476554616
140734477523353
140734478495193
140734479470618
140734480439634
140734481404992
140734482371197
140734483341030
140734484314489
140734485306969
140734486304800
140734487301862
140734488258823
140734489218554
140734490181928
140734491153892
140734492124922
140734493092945
140734494055478
140734495026213
140734495988340
140734496950983
140734497907089
140734498854222
140734499824118
140734500814330
140734501812048
140734502809221
140734503814005
140734504798579
140734505783029
140734506772448
140734507769284
140734508753056
140734509739148
140734510721153
140734511706719
140734512678565
140734513641784
140734514605501
140734515575477
140734516555473
140734517540460
140734518514756
140734519477707
140734520435549
140734521384212
140734522340310
140734523293156
140734524271505
140734525260410
140734526250141
140734527246405
140734528242382
140734529251815
140734530233615
140734531216581
140734532183818
140734533151188
140734534128307
140734535116711
140734536100005
140734537087443
140734538077866
140734539063466
140734540046132
140734541020128
140734541991706
140734542959881
140734543923277
140734544880483
140734545843185
140734546809140
140734547474985
