

-------------------------------------------------------------------------------
1000000	totally flow number

0
0
0
0
0
0
0
0
0
0
0
0
0
0
0
0
0
0
0
0
0
0
0
0
0
0
0
0
0
0
22
54
76
110
146
193
265
372
539
705
931
1151
1388
1645
1881
2127
2385
2654
2980
3369
3800
4335
4824
5435
6156
6847
7580
8477
9403
10370
11390
12391
13459
14573
15709
16815
18036
19060
20222
21475
22697
23964
25254
26531
27811
29118
30480
31853
33195
34560
36048
37459
38967
40487
41944
43379
44890
46290
47805
49271
50983
52611
54220
55782
57395
58931
60493
62188
63946
65622
67240
68970
70609
72308
73966
75618
77353
79007
80662
82307
84048
85820
87530
89160
90877
92575
94339
96059
97894
99599
101304
103033
104813
106518
108206
109890
111650
113428
115036
116747
118343
120075
121728
123293
124930
126582
128336
130060
131766
133386
135073
136772
138381
140041
141595
143168
144872
146400
147981
149543
151132
152656
154232
155756
157289
158770
160315
161820
163311
164803
166309
167707
169241
170690
172241
173732
175113
176625
178092
179467
180812
182192
183597
185008
186435
187681
189107
190416
191782
193065
194325
195617
196908
198186
199502
200667
201924
203157
204486
205677
206873
208148
209413
210571
211772
212965
214163
215251
216346
217502
218592
219723
220801
221926
223112
224218
225461
226686
227881
228948
230067
231241
232363
233557
234673
235983
237167
238356
239592
240752
241909
243106
244406
245699
246846
248029
249258
250420
251717
253035
254276
255512
256746
258106
259373
260626
261905
263230
264469
265678
266963
268370
269654
271061
272372
273723
275117
276518
277871
279165
280481
281860
283248
284669
286020
287350
288719
290002
291382
292832
293841
