

-------------------------------------------------------------------------------
1000000	totally flow number

140736603847810
140736604000486
140736604339661
140736604926035
140736605833097
140736607136979
140736608891357
140736611158055
140736614002579
140736617486742
140736621699792
140736626654859
140736632442628
140736639101255
140736646699521
140736655322014
140736665008725
140736675809647
140736687801559
140736701019759
140736715529555
140736731323351
140736748498070
140736767062602
140736787107661
140736808704322
140736831831319
140736856581962
140736882938735
140736910980721
140736940748900
140736972255831
140737005540445
140737040615361
140737077560606
140737116302802
140737156872539
140737199256305
140737243448072
140737289467019
140737337323775
140737386973697
140737438418001
140737491683606
140737546805545
140737603870375
140737662765227
140737723480676
140737786003687
140737850321611
140737916399385
140737984178055
140738053605005
140738124574247
140738197052459
140738270935707
140738346216125
140738422841059
140738500719813
140738579833206
140738660149895
140738741584948
140738824132116
140738907755886
140738992466143
140739078187003
140739164936265
140739252640954
140739341290379
140739430929702
140739521520889
140739613032094
140739705448964
140739798756728
140739892965139
140739988066194
140740084048124
140740180822663
140740278358147
140740376643453
140740475693936
140740575492129
140740675995957
140740777175170
140740879060363
140740981615527
140741084877559
140741188849733
140741293457405
140741398598074
140741504273202
140741610402628
140741717093426
140741824262958
140741931890099
140742039990734
140742148594954
140742257636378
140742367119180
140742477015497
140742587319659
140742698026438
140742809147035
140742920663473
140743032566083
140743144798256
140743257345505
140743370220194
140743483438309
140743596993332
140743710833274
140743824960510
140743939421587
140744054157397
140744169215308
140744284597717
140744400264602
140744516167011
140744632344504
140744748752912
140744865327309
140744982165749
140745099234435
140745216521875
140745334020854
140745451729263
140745569654563
140745687754064
140745806002477
140745924446233
140746043037465
140746161800709
140746280703826
140746399761077
140746519025677
140746638475170
140746758103399
140746877879690
140746997791387
140747117814095
140747237953909
140747358198655
140747478593856
140747599120677
140747719779622
140747840574397
140747961471643
140748082479880
140748203596891
140748324818077
140748446151375
140748567537664
140748688974827
140748810555359
140748932241610
140749054021566
140749175877494
140749297831209
140749419852331
140749541956967
140749664156764
140749786412912
140749908750988
140750031131167
140750153654756
140750276271985
140750398937050
140750521692151
140750644502467
140750767349153
140750890211725
140751013140884
140751136106062
140751259135238
140751382172005
140751505206223
140751628221042
140751751288571
140751874391256
140751997472745
140752120578097
140752243743008
140752366919469
140752490154298
140752613402096
140752736678408
140752859943190
140752983231372
140753106531529
140753229864423
140753353162752
140753476480809
140753599790316
140753723089795
140753846263694
140753969445361
140754092577672
140754215687871
140754338773553
140754461780137
140754584769155
140754707744101
140754830712142
140754953687468
140755076658555
140755199601312
140755322614698
140755445653146
140755568709919
140755691776593
140755814778985
140755937789704
140756060729064
140756183667409
140756306652803
140756429610549
140756552574275
140756675534364
140756798444758
140756921300416
140757044155780
140757167060862
140757289923055
140757412796759
140757535670145
140757658522103
140757781415299
140757904334039
140758027281489
140758150217865
140758273129297
140758396059845
140758518968520
140758641845715
140758764819352
140758887821524
140759010835623
140759133870557
140759256910446
140759379937723
140759502960297
140759625955034
140759749008568
140759872078751
140759995125776
140760118227436
140760241339891
140760364393704
140760487429051
140760610530775
140760733686712
140760856821115
140760979925100
140761103044996
140761226232697
140761349408763
140761472542136
140761595639542
140761718726948
140761841842000
140761963326551
