-------------------------Distribution of TCAM Usage------------------------
324	8	1	5	4	-1	-1	-1	-1	-1	-1	
308	19	4	10	7	-1	-1	-1	-1	-1	-1	
258	55	11	17	14	-1	-1	-1	-1	-1	-1	
188	122	6	26	21	-1	-1	-1	-1	-1	-1	
118	185	10	30	27	-1	-1	-1	-1	-1	-1	
65	222	23	33	30	-1	-1	-1	-1	-1	-1	
40	237	30	36	33	-1	-1	-1	-1	-1	-1	
27	232	45	40	34	-1	-1	-1	-1	-1	-1	
23	231	48	42	35	-1	-1	-1	-1	-1	-1	
18	230	50	46	37	-1	-1	-1	-1	-1	-1	
19	225	54	46	36	-1	-1	-1	-1	-1	-1	
17	225	55	46	37	-1	-1	-1	-1	-1	-1	
17	225	56	45	35	-1	-1	-1	-1	-1	-1	
17	225	57	44	34	-1	-1	-1	-1	-1	-1	
20	218	58	47	35	-1	-1	-1	-1	-1	-1	
18	222	57	46	35	-1	-1	-1	-1	-1	-1	
15	228	53	47	34	-1	-1	-1	-1	-1	-1	
16	225	57	45	34	-1	-1	-1	-1	-1	-1	
17	227	55	44	33	-1	-1	-1	-1	-1	-1	
15	224	60	44	35	-1	-1	-1	-1	-1	-1	
17	228	53	45	35	-1	-1	-1	-1	-1	-1	
15	228	56	44	35	-1	-1	-1	-1	-1	-1	
15	227	56	45	34	-1	-1	-1	-1	-1	-1	
20	219	59	45	35	-1	-1	-1	-1	-1	-1	
20	226	51	46	35	-1	-1	-1	-1	-1	-1	
21	220	60	42	35	-1	-1	-1	-1	-1	-1	
21	224	55	42	35	-1	-1	-1	-1	-1	-1	
19	223	57	43	37	-1	-1	-1	-1	-1	-1	
19	225	55	44	33	-1	-1	-1	-1	-1	-1	
17	223	57	44	36	-1	-1	-1	-1	-1	-1	
16	227	57	41	34	-1	-1	-1	-1	-1	-1	
17	226	57	42	33	-1	-1	-1	-1	-1	-1	
17	226	53	46	34	-1	-1	-1	-1	-1	-1	
16	226	54	46	35	-1	-1	-1	-1	-1	-1	
18	224	58	43	35	-1	-1	-1	-1	-1	-1	
18	224	52	49	34	-1	-1	-1	-1	-1	-1	
17	228	50	48	35	-1	-1	-1	-1	-1	-1	
16	224	58	45	37	-1	-1	-1	-1	-1	-1	
16	222	59	45	36	-1	-1	-1	-1	-1	-1	
20	217	58	47	34	-1	-1	-1	-1	-1	-1	
18	217	60	46	37	-1	-1	-1	-1	-1	-1	
20	216	61	44	34	-1	-1	-1	-1	-1	-1	
16	224	56	45	34	-1	-1	-1	-1	-1	-1	
16	223	58	44	34	-1	-1	-1	-1	-1	-1	
18	222	54	47	34	-1	-1	-1	-1	-1	-1	
18	219	58	46	34	-1	-1	-1	-1	-1	-1	
15	222	59	45	34	-1	-1	-1	-1	-1	-1	
15	221	58	46	34	-1	-1	-1	-1	-1	-1	
14	223	58	45	35	-1	-1	-1	-1	-1	-1	
15	222	58	45	35	-1	-1	-1	-1	-1	-1	
15	228	51	47	35	-1	-1	-1	-1	-1	-1	
15	226	55	46	34	-1	-1	-1	-1	-1	-1	
19	221	56	46	37	-1	-1	-1	-1	-1	-1	
18	222	55	47	35	-1	-1	-1	-1	-1	-1	
19	225	53	45	34	-1	-1	-1	-1	-1	-1	
19	220	55	48	35	-1	-1	-1	-1	-1	-1	
18	224	53	47	34	-1	-1	-1	-1	-1	-1	
17	223	56	46	35	-1	-1	-1	-1	-1	-1	
17	230	49	46	37	-1	-1	-1	-1	-1	-1	
17	228	50	47	35	-1	-1	-1	-1	-1	-1	
16	231	51	43	35	-1	-1	-1	-1	-1	-1	
16	228	54	42	35	-1	-1	-1	-1	-1	-1	
14	231	51	44	35	-1	-1	-1	-1	-1	-1	
14	229	53	44	33	-1	-1	-1	-1	-1	-1	
17	228	52	45	35	-1	-1	-1	-1	-1	-1	
16	226	55	45	35	-1	-1	-1	-1	-1	-1	
13	226	60	41	32	-1	-1	-1	-1	-1	-1	
15	224	60	41	34	-1	-1	-1	-1	-1	-1	
12	223	63	42	33	-1	-1	-1	-1	-1	-1	
14	224	60	44	32	-1	-1	-1	-1	-1	-1	
13	228	57	44	34	-1	-1	-1	-1	-1	-1	
13	226	59	44	37	-1	-1	-1	-1	-1	-1	
18	220	62	42	36	-1	-1	-1	-1	-1	-1	
20	222	56	44	38	-1	-1	-1	-1	-1	-1	
17	223	56	46	34	-1	-1	-1	-1	-1	-1	
17	223	54	48	34	-1	-1	-1	-1	-1	-1	
19	218	55	49	36	-1	-1	-1	-1	-1	-1	
19	219	53	49	37	-1	-1	-1	-1	-1	-1	
15	224	55	46	35	-1	-1	-1	-1	-1	-1	
19	223	54	45	37	-1	-1	-1	-1	-1	-1	
18	224	53	46	38	-1	-1	-1	-1	-1	-1	
19	221	55	47	37	-1	-1	-1	-1	-1	-1	
20	220	53	49	39	-1	-1	-1	-1	-1	-1	
20	215	60	47	37	-1	-1	-1	-1	-1	-1	
19	219	55	48	36	-1	-1	-1	-1	-1	-1	
18	221	55	47	36	-1	-1	-1	-1	-1	-1	
22	217	55	48	35	-1	-1	-1	-1	-1	-1	
18	223	57	45	34	-1	-1	-1	-1	-1	-1	
18	227	52	46	34	-1	-1	-1	-1	-1	-1	
17	224	56	45	36	-1	-1	-1	-1	-1	-1	
16	232	53	42	33	-1	-1	-1	-1	-1	-1	
19	226	54	44	36	-1	-1	-1	-1	-1	-1	
17	232	49	45	35	-1	-1	-1	-1	-1	-1	
17	230	51	44	35	-1	-1	-1	-1	-1	-1	
15	227	52	47	34	-1	-1	-1	-1	-1	-1	
14	229	51	47	35	-1	-1	-1	-1	-1	-1	
16	225	55	45	35	-1	-1	-1	-1	-1	-1	
19	222	54	46	35	-1	-1	-1	-1	-1	-1	
17	221	55	48	37	-1	-1	-1	-1	-1	-1	
18	222	55	46	35	-1	-1	-1	-1	-1	-1	
16	222	53	50	34	-1	-1	-1	-1	-1	-1	
17	225	51	49	34	-1	-1	-1	-1	-1	-1	
17	225	52	49	36	-1	-1	-1	-1	-1	-1	
21	227	50	45	29	-1	-1	-1	-1	-1	-1	
64	219	49	11	5	-1	-1	-1	-1	-1	-1	
-1	-1	-1	-1	-1	-1	-1	-1	-1	-1	-1	
-1	-1	-1	-1	-1	-1	-1	-1	-1	-1	-1	
-1	-1	-1	-1	-1	-1	-1	-1	-1	-1	-1	
-1	-1	-1	-1	-1	-1	-1	-1	-1	-1	-1	
-1	-1	-1	-1	-1	-1	-1	-1	-1	-1	-1	
-------------------------Number of TCAM Overflow occurence-----------------
4
7
14
21
27
30
33
34
35
37
36
37
35
34
35
35
34
34
33
35
35
35
34
35
35
35
35
37
33
36
34
33
34
35
35
34
35
37
36
34
37
34
34
34
34
34
34
34
35
35
35
34
37
35
34
35
34
35
37
35
35
35
35
33
35
35
32
34
33
32
34
37
36
38
34
34
36
37
35
37
38
37
39
37
36
36
35
34
34
36
33
36
35
35
34
35
35
35
37
35
34
34
36
29
5
-1
-1
-1
-1
-1
