-------------------------Distribution of TCAM Usage------------------------
250	1	-1	-1	-1	-1	-1	-1	-1	-1	-1	
181	69	0	-1	-1	-1	-1	-1	-1	-1	-1	
103	139	7	0	-1	-1	-1	-1	-1	-1	-1	
57	151	36	5	1	-1	-1	-1	-1	-1	-1	
29	151	59	10	7	-1	-1	-1	-1	-1	-1	
8	148	60	33	14	-1	-1	-1	-1	-1	-1	
-1	135	59	56	24	-1	-1	-1	-1	-1	-1	
-1	119	69	62	45	-1	-1	-1	-1	-1	-1	
-1	110	69	71	54	-1	-1	-1	-1	-1	-1	
-1	104	72	74	54	-1	-1	-1	-1	-1	-1	
-1	104	72	74	50	-1	-1	-1	-1	-1	-1	
-1	105	70	75	43	-1	-1	-1	-1	-1	-1	
-1	102	72	76	43	-1	-1	-1	-1	-1	-1	
-1	104	71	75	39	-1	-1	-1	-1	-1	-1	
-1	101	74	75	45	-1	-1	-1	-1	-1	-1	
-1	103	71	76	47	-1	-1	-1	-1	-1	-1	
-1	101	73	76	48	-1	-1	-1	-1	-1	-1	
-1	102	72	76	48	-1	-1	-1	-1	-1	-1	
-1	103	69	78	49	-1	-1	-1	-1	-1	-1	
-1	101	75	74	45	-1	-1	-1	-1	-1	-1	
-1	101	74	75	41	-1	-1	-1	-1	-1	-1	
-1	102	73	75	43	-1	-1	-1	-1	-1	-1	
-1	101	72	77	42	-1	-1	-1	-1	-1	-1	
-1	102	72	76	49	-1	-1	-1	-1	-1	-1	
-1	101	71	78	43	-1	-1	-1	-1	-1	-1	
-1	101	75	74	46	-1	-1	-1	-1	-1	-1	
-1	102	71	77	46	-1	-1	-1	-1	-1	-1	
-1	103	73	74	46	-1	-1	-1	-1	-1	-1	
-1	103	71	76	46	-1	-1	-1	-1	-1	-1	
-1	100	73	77	45	-1	-1	-1	-1	-1	-1	
-1	101	74	75	46	-1	-1	-1	-1	-1	-1	
-1	101	74	75	44	-1	-1	-1	-1	-1	-1	
-1	104	72	74	46	-1	-1	-1	-1	-1	-1	
-1	104	70	76	44	-1	-1	-1	-1	-1	-1	
-1	103	74	73	44	-1	-1	-1	-1	-1	-1	
-1	102	74	74	50	-1	-1	-1	-1	-1	-1	
-1	103	74	73	50	-1	-1	-1	-1	-1	-1	
-1	107	67	76	43	-1	-1	-1	-1	-1	-1	
-1	107	66	77	47	-1	-1	-1	-1	-1	-1	
-1	106	67	77	42	-1	-1	-1	-1	-1	-1	
-1	103	68	79	45	-1	-1	-1	-1	-1	-1	
-1	104	71	75	48	-1	-1	-1	-1	-1	-1	
-1	104	73	73	50	-1	-1	-1	-1	-1	-1	
-1	103	73	74	48	-1	-1	-1	-1	-1	-1	
-1	103	74	73	47	-1	-1	-1	-1	-1	-1	
-1	104	74	72	43	-1	-1	-1	-1	-1	-1	
-1	104	72	74	46	-1	-1	-1	-1	-1	-1	
-1	108	66	76	48	-1	-1	-1	-1	-1	-1	
-1	106	69	75	43	-1	-1	-1	-1	-1	-1	
-1	108	70	72	50	-1	-1	-1	-1	-1	-1	
-1	106	74	70	46	-1	-1	-1	-1	-1	-1	
-1	106	73	71	42	-1	-1	-1	-1	-1	-1	
-1	103	75	72	49	-1	-1	-1	-1	-1	-1	
-1	101	78	71	47	-1	-1	-1	-1	-1	-1	
-1	104	72	74	46	-1	-1	-1	-1	-1	-1	
-1	104	73	73	50	-1	-1	-1	-1	-1	-1	
-1	107	70	73	46	-1	-1	-1	-1	-1	-1	
-1	106	71	73	48	-1	-1	-1	-1	-1	-1	
-1	104	72	74	41	-1	-1	-1	-1	-1	-1	
-1	107	70	73	49	-1	-1	-1	-1	-1	-1	
-1	103	75	72	45	-1	-1	-1	-1	-1	-1	
-1	103	75	72	49	-1	-1	-1	-1	-1	-1	
-1	102	74	74	42	-1	-1	-1	-1	-1	-1	
-1	104	74	72	46	-1	-1	-1	-1	-1	-1	
-1	104	73	73	46	-1	-1	-1	-1	-1	-1	
-1	105	73	72	45	-1	-1	-1	-1	-1	-1	
-1	103	75	72	49	-1	-1	-1	-1	-1	-1	
-1	103	75	72	51	-1	-1	-1	-1	-1	-1	
-1	104	75	71	49	-1	-1	-1	-1	-1	-1	
-1	104	73	73	44	-1	-1	-1	-1	-1	-1	
-1	103	74	73	52	-1	-1	-1	-1	-1	-1	
-1	103	72	75	48	-1	-1	-1	-1	-1	-1	
-1	104	71	75	46	-1	-1	-1	-1	-1	-1	
-1	103	76	71	48	-1	-1	-1	-1	-1	-1	
-1	104	75	71	51	-1	-1	-1	-1	-1	-1	
-1	102	76	72	44	-1	-1	-1	-1	-1	-1	
-1	102	77	71	48	-1	-1	-1	-1	-1	-1	
-1	106	70	74	46	-1	-1	-1	-1	-1	-1	
-1	107	69	74	45	-1	-1	-1	-1	-1	-1	
-1	108	70	72	40	-1	-1	-1	-1	-1	-1	
-1	108	67	75	44	-1	-1	-1	-1	-1	-1	
-1	106	69	75	45	-1	-1	-1	-1	-1	-1	
-1	105	69	76	47	-1	-1	-1	-1	-1	-1	
-1	105	67	78	49	-1	-1	-1	-1	-1	-1	
-1	104	72	74	49	-1	-1	-1	-1	-1	-1	
-1	106	68	76	44	-1	-1	-1	-1	-1	-1	
-1	109	69	72	47	-1	-1	-1	-1	-1	-1	
-1	104	73	73	46	-1	-1	-1	-1	-1	-1	
-1	107	71	72	42	-1	-1	-1	-1	-1	-1	
-1	101	74	75	47	-1	-1	-1	-1	-1	-1	
-1	100	76	74	47	-1	-1	-1	-1	-1	-1	
-1	105	72	73	45	-1	-1	-1	-1	-1	-1	
-1	98	80	72	49	-1	-1	-1	-1	-1	-1	
-1	102	77	71	47	-1	-1	-1	-1	-1	-1	
-1	102	75	73	44	-1	-1	-1	-1	-1	-1	
-1	103	71	76	45	-1	-1	-1	-1	-1	-1	
-1	103	71	76	47	-1	-1	-1	-1	-1	-1	
-1	101	75	74	43	-1	-1	-1	-1	-1	-1	
-1	103	71	76	43	-1	-1	-1	-1	-1	-1	
-1	100	76	74	47	-1	-1	-1	-1	-1	-1	
-1	102	73	75	46	-1	-1	-1	-1	-1	-1	
-1	104	70	76	47	-1	-1	-1	-1	-1	-1	
-1	102	74	74	48	-1	-1	-1	-1	-1	-1	
-1	105	72	73	40	-1	-1	-1	-1	-1	-1	
9	148	73	19	-1	-1	-1	-1	-1	-1	-1	
-1	-1	-1	-1	-1	-1	-1	-1	-1	-1	-1	
-1	-1	-1	-1	-1	-1	-1	-1	-1	-1	-1	
-1	-1	-1	-1	-1	-1	-1	-1	-1	-1	-1	
-1	-1	-1	-1	-1	-1	-1	-1	-1	-1	-1	
-1	-1	-1	-1	-1	-1	-1	-1	-1	-1	-1	
-------------------------Number of TCAM Overflow occurence-----------------
-1
-1
-1
1
7
14
24
45
54
54
50
43
43
39
45
47
48
48
49
45
41
43
42
49
43
46
46
46
46
45
46
44
46
44
44
50
50
43
47
42
45
48
50
48
47
43
46
48
43
50
46
42
49
47
46
50
46
48
41
49
45
49
42
46
46
45
49
51
49
44
52
48
46
48
51
44
48
46
45
40
44
45
47
49
49
44
47
46
42
47
47
45
49
47
44
45
47
43
43
47
46
47
48
40
-1
-1
-1
-1
-1
-1
