-------------------------Distribution of TCAM Usage------------------------
326	7	2	4	3	-1	-1	-1	-1	-1	-1	
309	17	5	9	8	-1	-1	-1	-1	-1	-1	
267	51	8	17	14	-1	-1	-1	-1	-1	-1	
189	123	7	24	21	-1	-1	-1	-1	-1	-1	
118	190	5	30	26	-1	-1	-1	-1	-1	-1	
67	224	19	33	31	-1	-1	-1	-1	-1	-1	
40	238	32	34	33	-1	-1	-1	-1	-1	-1	
27	236	42	38	34	-1	-1	-1	-1	-1	-1	
21	234	46	42	34	-1	-1	-1	-1	-1	-1	
20	225	52	45	34	-1	-1	-1	-1	-1	-1	
20	229	48	46	33	-1	-1	-1	-1	-1	-1	
19	226	54	45	33	-1	-1	-1	-1	-1	-1	
19	224	56	44	32	-1	-1	-1	-1	-1	-1	
21	226	53	43	36	-1	-1	-1	-1	-1	-1	
19	221	61	42	35	-1	-1	-1	-1	-1	-1	
17	227	54	45	34	-1	-1	-1	-1	-1	-1	
15	229	54	43	37	-1	-1	-1	-1	-1	-1	
15	224	58	44	37	-1	-1	-1	-1	-1	-1	
17	225	53	47	37	-1	-1	-1	-1	-1	-1	
19	221	58	45	36	-1	-1	-1	-1	-1	-1	
18	221	56	48	36	-1	-1	-1	-1	-1	-1	
17	222	55	49	35	-1	-1	-1	-1	-1	-1	
18	226	47	52	34	-1	-1	-1	-1	-1	-1	
19	220	54	50	37	-1	-1	-1	-1	-1	-1	
21	221	54	48	34	-1	-1	-1	-1	-1	-1	
18	224	50	49	35	-1	-1	-1	-1	-1	-1	
16	224	56	45	33	-1	-1	-1	-1	-1	-1	
18	223	57	44	33	-1	-1	-1	-1	-1	-1	
16	228	53	44	33	-1	-1	-1	-1	-1	-1	
16	228	51	46	33	-1	-1	-1	-1	-1	-1	
17	229	52	44	35	-1	-1	-1	-1	-1	-1	
16	230	50	46	32	-1	-1	-1	-1	-1	-1	
15	227	55	45	34	-1	-1	-1	-1	-1	-1	
14	231	51	46	33	-1	-1	-1	-1	-1	-1	
16	228	51	47	34	-1	-1	-1	-1	-1	-1	
18	224	55	45	34	-1	-1	-1	-1	-1	-1	
17	228	54	43	36	-1	-1	-1	-1	-1	-1	
16	227	56	44	35	-1	-1	-1	-1	-1	-1	
17	226	54	46	35	-1	-1	-1	-1	-1	-1	
16	226	59	42	34	-1	-1	-1	-1	-1	-1	
18	227	55	43	36	-1	-1	-1	-1	-1	-1	
17	223	60	42	34	-1	-1	-1	-1	-1	-1	
17	226	55	44	33	-1	-1	-1	-1	-1	-1	
19	222	55	46	34	-1	-1	-1	-1	-1	-1	
18	223	56	44	33	-1	-1	-1	-1	-1	-1	
17	226	53	45	36	-1	-1	-1	-1	-1	-1	
15	230	51	45	36	-1	-1	-1	-1	-1	-1	
14	228	54	45	36	-1	-1	-1	-1	-1	-1	
18	224	54	46	36	-1	-1	-1	-1	-1	-1	
17	225	56	45	36	-1	-1	-1	-1	-1	-1	
20	224	55	45	37	-1	-1	-1	-1	-1	-1	
21	224	55	44	34	-1	-1	-1	-1	-1	-1	
17	227	56	43	36	-1	-1	-1	-1	-1	-1	
20	221	57	45	34	-1	-1	-1	-1	-1	-1	
17	221	61	44	35	-1	-1	-1	-1	-1	-1	
17	220	64	42	33	-1	-1	-1	-1	-1	-1	
19	222	57	45	37	-1	-1	-1	-1	-1	-1	
19	222	57	45	37	-1	-1	-1	-1	-1	-1	
17	223	57	46	35	-1	-1	-1	-1	-1	-1	
18	223	58	43	32	-1	-1	-1	-1	-1	-1	
17	217	66	41	32	-1	-1	-1	-1	-1	-1	
15	223	58	45	33	-1	-1	-1	-1	-1	-1	
16	221	60	44	38	-1	-1	-1	-1	-1	-1	
15	224	58	44	36	-1	-1	-1	-1	-1	-1	
20	220	58	44	37	-1	-1	-1	-1	-1	-1	
17	225	58	42	36	-1	-1	-1	-1	-1	-1	
16	229	55	43	36	-1	-1	-1	-1	-1	-1	
19	222	58	44	35	-1	-1	-1	-1	-1	-1	
18	223	58	43	37	-1	-1	-1	-1	-1	-1	
18	222	56	45	37	-1	-1	-1	-1	-1	-1	
16	222	54	50	36	-1	-1	-1	-1	-1	-1	
15	228	51	49	35	-1	-1	-1	-1	-1	-1	
12	229	55	46	35	-1	-1	-1	-1	-1	-1	
13	228	55	46	37	-1	-1	-1	-1	-1	-1	
16	226	57	43	39	-1	-1	-1	-1	-1	-1	
18	227	53	45	35	-1	-1	-1	-1	-1	-1	
15	226	57	44	34	-1	-1	-1	-1	-1	-1	
15	224	59	44	36	-1	-1	-1	-1	-1	-1	
15	220	62	44	34	-1	-1	-1	-1	-1	-1	
14	225	60	42	34	-1	-1	-1	-1	-1	-1	
16	227	53	46	34	-1	-1	-1	-1	-1	-1	
21	216	59	46	34	-1	-1	-1	-1	-1	-1	
18	221	60	43	33	-1	-1	-1	-1	-1	-1	
18	222	57	45	32	-1	-1	-1	-1	-1	-1	
14	229	53	46	35	-1	-1	-1	-1	-1	-1	
14	223	59	46	36	-1	-1	-1	-1	-1	-1	
15	221	61	44	36	-1	-1	-1	-1	-1	-1	
13	229	54	45	35	-1	-1	-1	-1	-1	-1	
15	229	53	45	36	-1	-1	-1	-1	-1	-1	
16	229	51	46	37	-1	-1	-1	-1	-1	-1	
19	223	53	47	35	-1	-1	-1	-1	-1	-1	
19	229	48	46	34	-1	-1	-1	-1	-1	-1	
18	229	47	48	35	-1	-1	-1	-1	-1	-1	
17	230	51	44	37	-1	-1	-1	-1	-1	-1	
18	228	52	44	33	-1	-1	-1	-1	-1	-1	
18	227	49	48	33	-1	-1	-1	-1	-1	-1	
15	228	57	42	35	-1	-1	-1	-1	-1	-1	
16	231	53	42	36	-1	-1	-1	-1	-1	-1	
16	231	52	43	35	-1	-1	-1	-1	-1	-1	
19	228	50	45	36	-1	-1	-1	-1	-1	-1	
18	222	57	45	34	-1	-1	-1	-1	-1	-1	
17	224	55	46	35	-1	-1	-1	-1	-1	-1	
18	224	54	46	34	-1	-1	-1	-1	-1	-1	
16	227	53	46	35	-1	-1	-1	-1	-1	-1	
56	228	42	15	4	-1	-1	-1	-1	-1	-1	
-1	-1	-1	-1	-1	-1	-1	-1	-1	-1	-1	
-1	-1	-1	-1	-1	-1	-1	-1	-1	-1	-1	
-1	-1	-1	-1	-1	-1	-1	-1	-1	-1	-1	
-1	-1	-1	-1	-1	-1	-1	-1	-1	-1	-1	
-1	-1	-1	-1	-1	-1	-1	-1	-1	-1	-1	
-------------------------Number of TCAM Overflow occurence-----------------
3
8
14
21
26
31
33
34
34
34
33
33
32
36
35
34
37
37
37
36
36
35
34
37
34
35
33
33
33
33
35
32
34
33
34
34
36
35
35
34
36
34
33
34
33
36
36
36
36
36
37
34
36
34
35
33
37
37
35
32
32
33
38
36
37
36
36
35
37
37
36
35
35
37
39
35
34
36
34
34
34
34
33
32
35
36
36
35
36
37
35
34
35
37
33
33
35
36
35
36
34
35
34
35
4
-1
-1
-1
-1
-1
