-------------------------Distribution of TCAM Usage------------------------
342	7	0	3	2	-1	-1	-1	-1	-1	-1	
271	77	0	4	4	-1	-1	-1	-1	-1	-1	
189	146	12	5	3	-1	-1	-1	-1	-1	-1	
137	170	32	13	3	-1	-1	-1	-1	-1	-1	
111	168	56	17	10	-1	-1	-1	-1	-1	-1	
91	162	66	33	15	-1	-1	-1	-1	-1	-1	
87	148	62	55	28	-1	-1	-1	-1	-1	-1	
88	131	69	64	41	-1	-1	-1	-1	-1	-1	
90	118	76	68	51	-1	-1	-1	-1	-1	-1	
89	111	76	74	53	-1	-1	-1	-1	-1	-1	
86	112	75	72	44	-1	-1	-1	-1	-1	-1	
87	111	76	72	46	-1	-1	-1	-1	-1	-1	
84	113	74	73	45	-1	-1	-1	-1	-1	-1	
83	117	72	72	43	-1	-1	-1	-1	-1	-1	
85	109	75	76	49	-1	-1	-1	-1	-1	-1	
85	115	72	73	46	-1	-1	-1	-1	-1	-1	
84	113	76	72	48	-1	-1	-1	-1	-1	-1	
85	113	73	74	48	-1	-1	-1	-1	-1	-1	
85	112	74	74	48	-1	-1	-1	-1	-1	-1	
85	115	71	74	49	-1	-1	-1	-1	-1	-1	
85	113	74	73	48	-1	-1	-1	-1	-1	-1	
84	114	75	72	50	-1	-1	-1	-1	-1	-1	
84	114	75	72	46	-1	-1	-1	-1	-1	-1	
84	115	74	72	48	-1	-1	-1	-1	-1	-1	
84	112	75	74	47	-1	-1	-1	-1	-1	-1	
84	111	76	74	47	-1	-1	-1	-1	-1	-1	
84	109	77	75	48	-1	-1	-1	-1	-1	-1	
84	110	76	75	47	-1	-1	-1	-1	-1	-1	
84	110	77	74	44	-1	-1	-1	-1	-1	-1	
84	111	75	75	48	-1	-1	-1	-1	-1	-1	
84	112	76	73	46	-1	-1	-1	-1	-1	-1	
84	115	72	74	45	-1	-1	-1	-1	-1	-1	
84	114	74	73	44	-1	-1	-1	-1	-1	-1	
84	112	76	73	44	-1	-1	-1	-1	-1	-1	
84	110	77	74	42	-1	-1	-1	-1	-1	-1	
83	109	79	73	44	-1	-1	-1	-1	-1	-1	
85	110	77	74	45	-1	-1	-1	-1	-1	-1	
85	111	79	71	46	-1	-1	-1	-1	-1	-1	
86	111	76	73	45	-1	-1	-1	-1	-1	-1	
86	111	75	74	52	-1	-1	-1	-1	-1	-1	
86	109	77	74	48	-1	-1	-1	-1	-1	-1	
85	111	76	74	53	-1	-1	-1	-1	-1	-1	
86	110	77	73	47	-1	-1	-1	-1	-1	-1	
85	112	75	74	46	-1	-1	-1	-1	-1	-1	
84	113	74	74	45	-1	-1	-1	-1	-1	-1	
85	115	72	74	46	-1	-1	-1	-1	-1	-1	
85	117	68	76	44	-1	-1	-1	-1	-1	-1	
85	115	70	76	43	-1	-1	-1	-1	-1	-1	
84	113	74	74	45	-1	-1	-1	-1	-1	-1	
84	113	76	72	47	-1	-1	-1	-1	-1	-1	
85	116	74	71	41	-1	-1	-1	-1	-1	-1	
85	113	73	74	47	-1	-1	-1	-1	-1	-1	
84	116	73	72	45	-1	-1	-1	-1	-1	-1	
84	112	75	73	45	-1	-1	-1	-1	-1	-1	
84	112	74	74	45	-1	-1	-1	-1	-1	-1	
84	110	78	72	50	-1	-1	-1	-1	-1	-1	
85	109	73	77	48	-1	-1	-1	-1	-1	-1	
85	109	75	75	44	-1	-1	-1	-1	-1	-1	
85	109	76	74	47	-1	-1	-1	-1	-1	-1	
84	110	76	75	47	-1	-1	-1	-1	-1	-1	
85	110	78	72	49	-1	-1	-1	-1	-1	-1	
84	113	73	75	45	-1	-1	-1	-1	-1	-1	
85	112	72	76	41	-1	-1	-1	-1	-1	-1	
85	113	72	75	49	-1	-1	-1	-1	-1	-1	
85	115	71	75	48	-1	-1	-1	-1	-1	-1	
85	114	74	73	44	-1	-1	-1	-1	-1	-1	
84	112	77	72	46	-1	-1	-1	-1	-1	-1	
84	117	73	71	44	-1	-1	-1	-1	-1	-1	
85	116	74	71	45	-1	-1	-1	-1	-1	-1	
84	114	74	73	44	-1	-1	-1	-1	-1	-1	
84	115	74	72	46	-1	-1	-1	-1	-1	-1	
85	115	73	73	50	-1	-1	-1	-1	-1	-1	
85	115	72	74	46	-1	-1	-1	-1	-1	-1	
84	111	78	72	48	-1	-1	-1	-1	-1	-1	
85	113	75	72	46	-1	-1	-1	-1	-1	-1	
85	113	73	74	45	-1	-1	-1	-1	-1	-1	
85	115	73	72	47	-1	-1	-1	-1	-1	-1	
85	110	78	72	47	-1	-1	-1	-1	-1	-1	
84	111	78	72	48	-1	-1	-1	-1	-1	-1	
85	111	76	73	43	-1	-1	-1	-1	-1	-1	
85	114	73	73	47	-1	-1	-1	-1	-1	-1	
86	112	72	75	46	-1	-1	-1	-1	-1	-1	
86	113	75	71	44	-1	-1	-1	-1	-1	-1	
85	116	71	73	47	-1	-1	-1	-1	-1	-1	
84	113	74	74	43	-1	-1	-1	-1	-1	-1	
85	113	73	74	43	-1	-1	-1	-1	-1	-1	
85	110	74	76	48	-1	-1	-1	-1	-1	-1	
86	110	75	75	49	-1	-1	-1	-1	-1	-1	
86	110	73	77	54	-1	-1	-1	-1	-1	-1	
85	111	74	76	47	-1	-1	-1	-1	-1	-1	
85	109	78	74	49	-1	-1	-1	-1	-1	-1	
84	113	73	75	52	-1	-1	-1	-1	-1	-1	
85	113	73	75	45	-1	-1	-1	-1	-1	-1	
85	110	75	76	46	-1	-1	-1	-1	-1	-1	
85	114	74	73	45	-1	-1	-1	-1	-1	-1	
86	111	76	73	47	-1	-1	-1	-1	-1	-1	
86	107	80	73	50	-1	-1	-1	-1	-1	-1	
85	109	78	73	52	-1	-1	-1	-1	-1	-1	
84	109	81	70	46	-1	-1	-1	-1	-1	-1	
84	111	76	73	52	-1	-1	-1	-1	-1	-1	
84	113	72	75	48	-1	-1	-1	-1	-1	-1	
84	110	79	72	46	-1	-1	-1	-1	-1	-1	
85	111	77	72	45	-1	-1	-1	-1	-1	-1	
85	116	72	72	41	-1	-1	-1	-1	-1	-1	
92	153	77	23	1	-1	-1	-1	-1	-1	-1	
-1	-1	-1	-1	-1	-1	-1	-1	-1	-1	-1	
-1	-1	-1	-1	-1	-1	-1	-1	-1	-1	-1	
-1	-1	-1	-1	-1	-1	-1	-1	-1	-1	-1	
-1	-1	-1	-1	-1	-1	-1	-1	-1	-1	-1	
-1	-1	-1	-1	-1	-1	-1	-1	-1	-1	-1	
-------------------------Number of TCAM Overflow occurence-----------------
2
4
3
3
10
15
28
41
51
53
44
46
45
43
49
46
48
48
48
49
48
50
46
48
47
47
48
47
44
48
46
45
44
44
42
44
45
46
45
52
48
53
47
46
45
46
44
43
45
47
41
47
45
45
45
50
48
44
47
47
49
45
41
49
48
44
46
44
45
44
46
50
46
48
46
45
47
47
48
43
47
46
44
47
43
43
48
49
54
47
49
52
45
46
45
47
50
52
46
52
48
46
45
41
1
-1
-1
-1
-1
-1
