-------------------------Distribution of TCAM Usage------------------------
342	4	1	6	5	-1	-1	-1	-1	-1	-1	
324	18	1	10	9	-1	-1	-1	-1	-1	-1	
294	43	3	13	11	-1	-1	-1	-1	-1	-1	
238	90	9	16	15	-1	-1	-1	-1	-1	-1	
190	129	14	20	16	-1	-1	-1	-1	-1	-1	
141	165	20	27	23	-1	-1	-1	-1	-1	-1	
107	185	26	35	28	-1	-1	-1	-1	-1	-1	
74	194	43	42	33	-1	-1	-1	-1	-1	-1	
55	192	58	48	38	-1	-1	-1	-1	-1	-1	
47	185	67	54	44	-1	-1	-1	-1	-1	-1	
32	186	74	61	47	-1	-1	-1	-1	-1	-1	
23	181	70	79	50	-1	-1	-1	-1	-1	-1	
20	171	71	91	54	-1	-1	-1	-1	-1	-1	
19	162	76	96	69	-1	-1	-1	-1	-1	-1	
16	150	80	107	76	-1	-1	-1	-1	-1	-1	
16	143	82	112	83	-1	-1	-1	-1	-1	-1	
16	135	86	116	86	-1	-1	-1	-1	-1	-1	
16	130	89	118	89	-1	-1	-1	-1	-1	-1	
16	126	91	120	89	-1	-1	-1	-1	-1	-1	
16	124	93	120	83	-1	-1	-1	-1	-1	-1	
16	123	94	120	73	-1	-1	-1	-1	-1	-1	
16	125	91	121	71	-1	-1	-1	-1	-1	-1	
16	125	90	122	70	-1	-1	-1	-1	-1	-1	
16	127	89	121	69	-1	-1	-1	-1	-1	-1	
16	126	90	121	70	-1	-1	-1	-1	-1	-1	
16	126	89	122	79	-1	-1	-1	-1	-1	-1	
16	128	90	119	72	-1	-1	-1	-1	-1	-1	
16	128	89	120	72	-1	-1	-1	-1	-1	-1	
16	126	90	121	73	-1	-1	-1	-1	-1	-1	
16	126	89	122	70	-1	-1	-1	-1	-1	-1	
16	128	86	123	73	-1	-1	-1	-1	-1	-1	
16	130	85	122	79	-1	-1	-1	-1	-1	-1	
16	130	86	121	76	-1	-1	-1	-1	-1	-1	
16	132	84	121	76	-1	-1	-1	-1	-1	-1	
16	132	85	120	77	-1	-1	-1	-1	-1	-1	
16	132	83	122	81	-1	-1	-1	-1	-1	-1	
16	131	83	123	76	-1	-1	-1	-1	-1	-1	
16	130	84	123	77	-1	-1	-1	-1	-1	-1	
16	129	84	124	75	-1	-1	-1	-1	-1	-1	
16	130	84	123	77	-1	-1	-1	-1	-1	-1	
16	129	87	121	72	-1	-1	-1	-1	-1	-1	
16	126	89	122	81	-1	-1	-1	-1	-1	-1	
16	128	87	122	77	-1	-1	-1	-1	-1	-1	
16	126	91	120	80	-1	-1	-1	-1	-1	-1	
16	128	90	119	76	-1	-1	-1	-1	-1	-1	
16	124	95	118	81	-1	-1	-1	-1	-1	-1	
16	124	94	119	76	-1	-1	-1	-1	-1	-1	
16	124	92	121	80	-1	-1	-1	-1	-1	-1	
16	124	91	122	84	-1	-1	-1	-1	-1	-1	
16	124	91	122	77	-1	-1	-1	-1	-1	-1	
16	126	90	121	82	-1	-1	-1	-1	-1	-1	
16	128	88	121	72	-1	-1	-1	-1	-1	-1	
18	168	91	76	6	-1	-1	-1	-1	-1	-1	
-1	-1	-1	-1	-1	-1	-1	-1	-1	-1	-1	
-1	-1	-1	-1	-1	-1	-1	-1	-1	-1	-1	
-1	-1	-1	-1	-1	-1	-1	-1	-1	-1	-1	
-1	-1	-1	-1	-1	-1	-1	-1	-1	-1	-1	
-1	-1	-1	-1	-1	-1	-1	-1	-1	-1	-1	
-1	-1	-1	-1	-1	-1	-1	-1	-1	-1	-1	
-1	-1	-1	-1	-1	-1	-1	-1	-1	-1	-1	
-1	-1	-1	-1	-1	-1	-1	-1	-1	-1	-1	
-1	-1	-1	-1	-1	-1	-1	-1	-1	-1	-1	
-1	-1	-1	-1	-1	-1	-1	-1	-1	-1	-1	
-1	-1	-1	-1	-1	-1	-1	-1	-1	-1	-1	
-1	-1	-1	-1	-1	-1	-1	-1	-1	-1	-1	
-1	-1	-1	-1	-1	-1	-1	-1	-1	-1	-1	
-1	-1	-1	-1	-1	-1	-1	-1	-1	-1	-1	
-1	-1	-1	-1	-1	-1	-1	-1	-1	-1	-1	
-1	-1	-1	-1	-1	-1	-1	-1	-1	-1	-1	
-1	-1	-1	-1	-1	-1	-1	-1	-1	-1	-1	
-1	-1	-1	-1	-1	-1	-1	-1	-1	-1	-1	
-1	-1	-1	-1	-1	-1	-1	-1	-1	-1	-1	
-1	-1	-1	-1	-1	-1	-1	-1	-1	-1	-1	
-1	-1	-1	-1	-1	-1	-1	-1	-1	-1	-1	
-1	-1	-1	-1	-1	-1	-1	-1	-1	-1	-1	
-1	-1	-1	-1	-1	-1	-1	-1	-1	-1	-1	
-1	-1	-1	-1	-1	-1	-1	-1	-1	-1	-1	
-1	-1	-1	-1	-1	-1	-1	-1	-1	-1	-1	
-1	-1	-1	-1	-1	-1	-1	-1	-1	-1	-1	
-1	-1	-1	-1	-1	-1	-1	-1	-1	-1	-1	
-1	-1	-1	-1	-1	-1	-1	-1	-1	-1	-1	
-1	-1	-1	-1	-1	-1	-1	-1	-1	-1	-1	
-1	-1	-1	-1	-1	-1	-1	-1	-1	-1	-1	
-1	-1	-1	-1	-1	-1	-1	-1	-1	-1	-1	
-1	-1	-1	-1	-1	-1	-1	-1	-1	-1	-1	
-1	-1	-1	-1	-1	-1	-1	-1	-1	-1	-1	
-1	-1	-1	-1	-1	-1	-1	-1	-1	-1	-1	
-1	-1	-1	-1	-1	-1	-1	-1	-1	-1	-1	
-1	-1	-1	-1	-1	-1	-1	-1	-1	-1	-1	
-1	-1	-1	-1	-1	-1	-1	-1	-1	-1	-1	
-1	-1	-1	-1	-1	-1	-1	-1	-1	-1	-1	
-1	-1	-1	-1	-1	-1	-1	-1	-1	-1	-1	
-1	-1	-1	-1	-1	-1	-1	-1	-1	-1	-1	
-1	-1	-1	-1	-1	-1	-1	-1	-1	-1	-1	
-1	-1	-1	-1	-1	-1	-1	-1	-1	-1	-1	
-1	-1	-1	-1	-1	-1	-1	-1	-1	-1	-1	
-1	-1	-1	-1	-1	-1	-1	-1	-1	-1	-1	
-1	-1	-1	-1	-1	-1	-1	-1	-1	-1	-1	
-1	-1	-1	-1	-1	-1	-1	-1	-1	-1	-1	
-1	-1	-1	-1	-1	-1	-1	-1	-1	-1	-1	
-1	-1	-1	-1	-1	-1	-1	-1	-1	-1	-1	
-1	-1	-1	-1	-1	-1	-1	-1	-1	-1	-1	
-1	-1	-1	-1	-1	-1	-1	-1	-1	-1	-1	
-1	-1	-1	-1	-1	-1	-1	-1	-1	-1	-1	
-1	-1	-1	-1	-1	-1	-1	-1	-1	-1	-1	
-1	-1	-1	-1	-1	-1	-1	-1	-1	-1	-1	
-1	-1	-1	-1	-1	-1	-1	-1	-1	-1	-1	
-1	-1	-1	-1	-1	-1	-1	-1	-1	-1	-1	
-1	-1	-1	-1	-1	-1	-1	-1	-1	-1	-1	
-1	-1	-1	-1	-1	-1	-1	-1	-1	-1	-1	
-------------------------Number of TCAM Overflow occurence-----------------
5
9
11
15
16
23
28
33
38
44
47
50
54
69
76
83
86
89
89
83
73
71
70
69
70
79
72
72
73
70
73
79
76
76
77
81
76
77
75
77
72
81
77
80
76
81
76
80
84
77
82
72
6
-1
-1
-1
-1
-1
-1
-1
-1
-1
-1
-1
-1
-1
-1
-1
-1
-1
-1
-1
-1
-1
-1
-1
-1
-1
-1
-1
-1
-1
-1
-1
-1
-1
-1
-1
-1
-1
-1
-1
-1
-1
-1
-1
-1
-1
-1
-1
-1
-1
-1
-1
-1
-1
-1
-1
-1
-1
