-------------------------Distribution of TCAM Usage------------------------
347	0	2	2	2	-1	-1	-1	-1	-1	-1	
344	3	0	5	5	-1	-1	-1	-1	-1	-1	
341	5	1	6	6	-1	-1	-1	-1	-1	-1	
337	7	1	8	7	-1	-1	-1	-1	-1	-1	
327	17	0	9	8	-1	-1	-1	-1	-1	-1	
321	21	1	10	10	-1	-1	-1	-1	-1	-1	
312	28	3	10	10	-1	-1	-1	-1	-1	-1	
304	35	3	11	10	-1	-1	-1	-1	-1	-1	
293	45	3	12	11	-1	-1	-1	-1	-1	-1	
284	53	3	13	11	-1	-1	-1	-1	-1	-1	
268	66	5	14	12	-1	-1	-1	-1	-1	-1	
255	75	9	14	13	-1	-1	-1	-1	-1	-1	
244	84	9	16	14	-1	-1	-1	-1	-1	-1	
235	91	11	16	14	-1	-1	-1	-1	-1	-1	
228	95	14	16	14	-1	-1	-1	-1	-1	-1	
224	100	13	16	15	-1	-1	-1	-1	-1	-1	
220	103	14	16	15	-1	-1	-1	-1	-1	-1	
218	105	12	18	15	-1	-1	-1	-1	-1	-1	
213	110	12	18	16	-1	-1	-1	-1	-1	-1	
215	108	12	18	15	-1	-1	-1	-1	-1	-1	
214	109	11	19	15	-1	-1	-1	-1	-1	-1	
214	109	12	18	14	-1	-1	-1	-1	-1	-1	
214	109	12	18	12	-1	-1	-1	-1	-1	-1	
212	111	13	17	14	-1	-1	-1	-1	-1	-1	
215	108	12	18	15	-1	-1	-1	-1	-1	-1	
214	109	13	17	15	-1	-1	-1	-1	-1	-1	
210	113	13	17	15	-1	-1	-1	-1	-1	-1	
211	111	14	17	15	-1	-1	-1	-1	-1	-1	
215	108	13	17	14	-1	-1	-1	-1	-1	-1	
211	112	13	17	14	-1	-1	-1	-1	-1	-1	
209	114	12	18	15	-1	-1	-1	-1	-1	-1	
211	112	12	18	14	-1	-1	-1	-1	-1	-1	
214	109	13	17	15	-1	-1	-1	-1	-1	-1	
212	111	11	19	16	-1	-1	-1	-1	-1	-1	
211	111	14	17	15	-1	-1	-1	-1	-1	-1	
210	112	14	17	15	-1	-1	-1	-1	-1	-1	
213	110	13	17	14	-1	-1	-1	-1	-1	-1	
211	111	14	17	14	-1	-1	-1	-1	-1	-1	
211	111	14	17	14	-1	-1	-1	-1	-1	-1	
212	110	14	17	14	-1	-1	-1	-1	-1	-1	
214	110	12	17	15	-1	-1	-1	-1	-1	-1	
212	110	14	17	14	-1	-1	-1	-1	-1	-1	
213	110	13	17	14	-1	-1	-1	-1	-1	-1	
211	111	14	17	14	-1	-1	-1	-1	-1	-1	
213	110	13	17	14	-1	-1	-1	-1	-1	-1	
213	109	14	17	13	-1	-1	-1	-1	-1	-1	
215	108	13	17	14	-1	-1	-1	-1	-1	-1	
217	106	13	17	14	-1	-1	-1	-1	-1	-1	
218	105	12	18	14	-1	-1	-1	-1	-1	-1	
222	101	13	17	14	-1	-1	-1	-1	-1	-1	
219	104	13	17	14	-1	-1	-1	-1	-1	-1	
223	100	12	18	14	-1	-1	-1	-1	-1	-1	
235	93	11	14	4	-1	-1	-1	-1	-1	-1	
-1	-1	-1	-1	-1	-1	-1	-1	-1	-1	-1	
-1	-1	-1	-1	-1	-1	-1	-1	-1	-1	-1	
-1	-1	-1	-1	-1	-1	-1	-1	-1	-1	-1	
-1	-1	-1	-1	-1	-1	-1	-1	-1	-1	-1	
-1	-1	-1	-1	-1	-1	-1	-1	-1	-1	-1	
-1	-1	-1	-1	-1	-1	-1	-1	-1	-1	-1	
-1	-1	-1	-1	-1	-1	-1	-1	-1	-1	-1	
-1	-1	-1	-1	-1	-1	-1	-1	-1	-1	-1	
-1	-1	-1	-1	-1	-1	-1	-1	-1	-1	-1	
-1	-1	-1	-1	-1	-1	-1	-1	-1	-1	-1	
-1	-1	-1	-1	-1	-1	-1	-1	-1	-1	-1	
-1	-1	-1	-1	-1	-1	-1	-1	-1	-1	-1	
-1	-1	-1	-1	-1	-1	-1	-1	-1	-1	-1	
-1	-1	-1	-1	-1	-1	-1	-1	-1	-1	-1	
-1	-1	-1	-1	-1	-1	-1	-1	-1	-1	-1	
-1	-1	-1	-1	-1	-1	-1	-1	-1	-1	-1	
-1	-1	-1	-1	-1	-1	-1	-1	-1	-1	-1	
-1	-1	-1	-1	-1	-1	-1	-1	-1	-1	-1	
-1	-1	-1	-1	-1	-1	-1	-1	-1	-1	-1	
-1	-1	-1	-1	-1	-1	-1	-1	-1	-1	-1	
-1	-1	-1	-1	-1	-1	-1	-1	-1	-1	-1	
-1	-1	-1	-1	-1	-1	-1	-1	-1	-1	-1	
-1	-1	-1	-1	-1	-1	-1	-1	-1	-1	-1	
-1	-1	-1	-1	-1	-1	-1	-1	-1	-1	-1	
-1	-1	-1	-1	-1	-1	-1	-1	-1	-1	-1	
-1	-1	-1	-1	-1	-1	-1	-1	-1	-1	-1	
-1	-1	-1	-1	-1	-1	-1	-1	-1	-1	-1	
-1	-1	-1	-1	-1	-1	-1	-1	-1	-1	-1	
-1	-1	-1	-1	-1	-1	-1	-1	-1	-1	-1	
-1	-1	-1	-1	-1	-1	-1	-1	-1	-1	-1	
-1	-1	-1	-1	-1	-1	-1	-1	-1	-1	-1	
-1	-1	-1	-1	-1	-1	-1	-1	-1	-1	-1	
-1	-1	-1	-1	-1	-1	-1	-1	-1	-1	-1	
-1	-1	-1	-1	-1	-1	-1	-1	-1	-1	-1	
-1	-1	-1	-1	-1	-1	-1	-1	-1	-1	-1	
-1	-1	-1	-1	-1	-1	-1	-1	-1	-1	-1	
-1	-1	-1	-1	-1	-1	-1	-1	-1	-1	-1	
-1	-1	-1	-1	-1	-1	-1	-1	-1	-1	-1	
-1	-1	-1	-1	-1	-1	-1	-1	-1	-1	-1	
-1	-1	-1	-1	-1	-1	-1	-1	-1	-1	-1	
-1	-1	-1	-1	-1	-1	-1	-1	-1	-1	-1	
-1	-1	-1	-1	-1	-1	-1	-1	-1	-1	-1	
-1	-1	-1	-1	-1	-1	-1	-1	-1	-1	-1	
-1	-1	-1	-1	-1	-1	-1	-1	-1	-1	-1	
-1	-1	-1	-1	-1	-1	-1	-1	-1	-1	-1	
-1	-1	-1	-1	-1	-1	-1	-1	-1	-1	-1	
-1	-1	-1	-1	-1	-1	-1	-1	-1	-1	-1	
-1	-1	-1	-1	-1	-1	-1	-1	-1	-1	-1	
-1	-1	-1	-1	-1	-1	-1	-1	-1	-1	-1	
-1	-1	-1	-1	-1	-1	-1	-1	-1	-1	-1	
-1	-1	-1	-1	-1	-1	-1	-1	-1	-1	-1	
-1	-1	-1	-1	-1	-1	-1	-1	-1	-1	-1	
-1	-1	-1	-1	-1	-1	-1	-1	-1	-1	-1	
-1	-1	-1	-1	-1	-1	-1	-1	-1	-1	-1	
-1	-1	-1	-1	-1	-1	-1	-1	-1	-1	-1	
-1	-1	-1	-1	-1	-1	-1	-1	-1	-1	-1	
-1	-1	-1	-1	-1	-1	-1	-1	-1	-1	-1	
-------------------------Number of TCAM Overflow occurence-----------------
2
5
6
7
8
10
10
10
11
11
12
13
14
14
14
15
15
15
16
15
15
14
12
14
15
15
15
15
14
14
15
14
15
16
15
15
14
14
14
14
15
14
14
14
14
13
14
14
14
14
14
14
4
-1
-1
-1
-1
-1
-1
-1
-1
-1
-1
-1
-1
-1
-1
-1
-1
-1
-1
-1
-1
-1
-1
-1
-1
-1
-1
-1
-1
-1
-1
-1
-1
-1
-1
-1
-1
-1
-1
-1
-1
-1
-1
-1
-1
-1
-1
-1
-1
-1
-1
-1
-1
-1
-1
-1
-1
-1
