-------------------------Distribution of TCAM Usage------------------------
329	15	2	2	1	0	1	2	0	0	0	
301	39	6	2	3	0	1	1	0	0	0	
229	100	17	4	2	0	2	1	1	0	0	
165	151	24	7	4	2	0	2	0	1	0	
106	191	34	15	4	3	1	0	1	1	0	
70	190	66	14	9	3	2	1	0	0	0	
57	173	84	23	11	4	2	2	1	0	0	
36	170	98	25	12	10	2	1	2	1	0	
30	150	107	39	12	10	3	2	2	1	0	
28	136	108	48	16	9	7	2	1	2	0	
28	117	112	59	16	10	8	2	2	2	0	
28	100	115	67	21	9	8	5	2	1	0	
29	86	120	64	27	14	6	7	1	2	0	
30	73	126	66	31	14	7	6	2	2	0	
30	68	122	67	38	11	9	7	3	2	0	
30	56	132	61	43	14	6	7	6	1	0	
31	55	126	63	47	14	6	8	6	1	0	
31	49	128	63	49	15	7	7	5	3	0	
31	49	127	63	49	17	6	7	5	2	0	
32	49	126	60	54	15	7	7	5	3	0	
31	49	126	60	54	16	6	7	4	4	0	
31	51	121	65	51	17	6	6	6	4	0	
30	49	121	67	51	14	8	7	6	6	0	
28	50	115	74	49	12	10	8	6	3	0	
30	50	117	72	52	10	10	7	5	3	0	
31	49	118	74	47	13	11	6	6	2	0	
31	51	116	73	50	12	10	6	6	2	0	
31	47	122	72	48	15	8	6	6	2	0	
31	50	124	64	52	13	10	5	6	3	0	
30	49	124	63	54	12	10	6	6	3	0	
30	50	119	71	51	11	11	5	5	3	0	
31	47	123	68	52	13	8	7	5	4	0	
31	45	126	68	51	14	5	8	6	2	0	
32	48	115	76	50	16	4	9	3	3	0	
33	47	119	73	50	14	8	7	5	2	0	
32	43	126	69	50	15	9	7	4	2	0	
31	45	124	69	52	15	8	6	5	3	0	
30	42	127	70	50	17	6	7	5	3	0	
30	44	121	76	48	16	7	6	6	3	0	
30	46	122	70	50	17	7	6	6	3	0	
30	48	119	71	51	17	6	7	5	2	0	
31	50	118	67	56	13	8	7	5	3	0	
30	49	122	65	55	12	9	6	6	3	0	
30	45	122	70	51	16	8	6	6	3	0	
30	49	116	71	52	16	8	5	7	3	0	
30	48	117	74	49	15	9	6	6	4	0	
29	50	119	72	47	16	8	5	7	3	0	
30	53	116	74	45	15	8	7	6	3	0	
30	52	119	70	49	13	8	7	5	4	0	
30	52	118	71	50	12	8	7	6	3	0	
30	52	115	76	46	15	7	7	6	3	0	
30	49	123	70	48	14	8	7	4	4	0	
31	70	134	58	36	11	6	6	5	10	0	
5	0	0	0	0	0	0	0	0	0	0	
0	0	0	0	0	0	0	0	0	0	0	
0	0	0	0	0	0	0	0	0	0	0	
0	0	0	0	0	0	0	0	0	0	0	
0	0	0	0	0	0	0	0	0	0	0	
0	0	0	0	0	0	0	0	0	0	0	
0	0	0	0	0	0	0	0	0	0	0	
0	0	0	0	0	0	0	0	0	0	0	
0	0	0	0	0	0	0	0	0	0	0	
0	0	0	0	0	0	0	0	0	0	0	
0	0	0	0	0	0	0	0	0	0	0	
0	0	0	0	0	0	0	0	0	0	0	
0	0	0	0	0	0	0	0	0	0	0	
0	0	0	0	0	0	0	0	0	0	0	
0	0	0	0	0	0	0	0	0	0	0	
0	0	0	0	0	0	0	0	0	0	0	
0	0	0	0	0	0	0	0	0	0	0	
0	0	0	0	0	0	0	0	0	0	0	
0	0	0	0	0	0	0	0	0	0	0	
0	0	0	0	0	0	0	0	0	0	0	
0	0	0	0	0	0	0	0	0	0	0	
0	0	0	0	0	0	0	0	0	0	0	
0	0	0	0	0	0	0	0	0	0	0	
0	0	0	0	0	0	0	0	0	0	0	
0	0	0	0	0	0	0	0	0	0	0	
0	0	0	0	0	0	0	0	0	0	0	
0	0	0	0	0	0	0	0	0	0	0	
0	0	0	0	0	0	0	0	0	0	0	
0	0	0	0	0	0	0	0	0	0	0	
0	0	0	0	0	0	0	0	0	0	0	
0	0	0	0	0	0	0	0	0	0	0	
0	0	0	0	0	0	0	0	0	0	0	
0	0	0	0	0	0	0	0	0	0	0	
0	0	0	0	0	0	0	0	0	0	0	
0	0	0	0	0	0	0	0	0	0	0	
0	0	0	0	0	0	0	0	0	0	0	
0	0	0	0	0	0	0	0	0	0	0	
0	0	0	0	0	0	0	0	0	0	0	
0	0	0	0	0	0	0	0	0	0	0	
0	0	0	0	0	0	0	0	0	0	0	
0	0	0	0	0	0	0	0	0	0	0	
0	0	0	0	0	0	0	0	0	0	0	
0	0	0	0	0	0	0	0	0	0	0	
0	0	0	0	0	0	0	0	0	0	0	
0	0	0	0	0	0	0	0	0	0	0	
0	0	0	0	0	0	0	0	0	0	0	
0	0	0	0	0	0	0	0	0	0	0	
0	0	0	0	0	0	0	0	0	0	0	
0	0	0	0	0	0	0	0	0	0	0	
0	0	0	0	0	0	0	0	0	0	0	
0	0	0	0	0	0	0	0	0	0	0	
0	0	0	0	0	0	0	0	0	0	0	
0	0	0	0	0	0	0	0	0	0	0	
0	0	0	0	0	0	0	0	0	0	0	
0	0	0	0	0	0	0	0	0	0	0	
0	0	0	0	0	0	0	0	0	0	0	
0	0	0	0	0	0	0	0	0	0	0	
-------------------------Number of TCAM Overflow occurence-----------------
3
6
7
8
9
11
11
11
12
12
13
14
15
15
15
16
16
16
17
16
16
15
13
15
16
16
16
16
15
15
16
15
16
17
16
16
15
15
15
15
16
15
15
15
15
14
15
15
15
15
15
15
5
0
0
0
0
0
0
0
0
0
0
0
0
0
0
0
0
0
0
0
0
0
0
0
0
0
0
0
0
0
0
0
0
0
0
0
0
0
0
0
0
0
0
0
0
0
0
0
0
0
0
0
0
0
0
0
0
0
