-------------------------Distribution of TCAM Usage------------------------
308	33	5	0	2	2	0	1	0	0	0	
183	138	21	5	5	0	0	2	0	1	0	
76	189	61	17	5	3	3	0	0	0	0	
37	177	94	27	9	6	3	1	3	0	0	
28	123	116	53	16	7	7	3	0	2	0	
30	75	129	67	26	12	7	6	2	1	0	
30	48	126	68	50	13	8	6	5	1	0	
32	32	102	85	55	23	12	5	5	5	0	
32	17	89	97	45	45	9	9	5	5	0	
36	8	78	95	51	48	17	12	2	8	0	
38	4	62	94	60	43	30	10	8	5	0	
41	3	54	84	72	37	39	11	10	4	0	
43	3	50	74	74	38	41	16	8	9	0	
44	3	42	69	78	36	45	23	7	10	0	
44	3	35	66	79	40	38	31	8	10	0	
47	2	34	59	79	46	31	36	14	7	0	
49	2	26	66	74	49	30	39	11	11	0	
49	2	22	66	73	51	28	40	13	10	0	
52	2	23	63	70	55	24	43	15	11	0	
51	2	21	59	77	54	23	42	16	15	0	
48	2	19	62	74	56	27	38	16	16	0	
47	2	20	61	75	53	30	38	15	16	0	
47	2	19	60	79	54	28	36	15	18	0	
46	1	20	64	70	59	32	33	16	13	0	
49	1	18	64	76	54	34	30	17	16	0	
47	2	16	66	75	54	32	33	17	15	0	
47	2	15	64	76	54	29	37	18	16	0	
46	2	18	64	75	50	31	35	20	14	0	
48	2	18	62	76	50	32	36	19	12	0	
50	2	19	63	69	58	27	39	18	13	0	
49	2	23	59	69	58	31	33	20	15	0	
47	2	20	66	66	56	34	32	19	16	0	
46	2	25	58	68	58	32	32	20	14	0	
48	2	23	58	71	57	31	34	19	14	0	
48	2	22	57	72	58	31	35	18	11	0	
51	2	22	59	72	56	33	32	18	13	0	
50	2	22	60	67	60	33	31	19	13	0	
50	2	23	60	63	63	31	36	17	13	0	
49	2	19	64	66	60	31	35	18	15	0	
46	3	20	62	70	56	32	32	20	13	0	
50	2	19	63	69	58	31	34	17	16	0	
48	2	20	62	74	55	27	35	19	15	0	
48	2	17	63	72	57	32	33	19	14	0	
48	2	20	61	70	57	30	36	19	14	0	
48	2	23	59	69	56	31	37	18	14	0	
48	2	22	60	65	59	30	39	17	15	0	
48	2	21	60	72	56	28	36	19	13	0	
50	2	24	57	72	55	32	35	18	12	0	
50	2	24	56	73	57	30	35	17	15	0	
48	2	25	57	69	58	31	34	18	16	0	
47	2	20	62	69	57	28	41	14	15	0	
49	2	20	62	69	57	31	39	13	14	0	
50	3	42	70	74	39	40	21	20	28	0	
6	0	0	0	0	0	0	0	0	0	0	
0	0	0	0	0	0	0	0	0	0	0	
0	0	0	0	0	0	0	0	0	0	0	
0	0	0	0	0	0	0	0	0	0	0	
0	0	0	0	0	0	0	0	0	0	0	
0	0	0	0	0	0	0	0	0	0	0	
0	0	0	0	0	0	0	0	0	0	0	
0	0	0	0	0	0	0	0	0	0	0	
0	0	0	0	0	0	0	0	0	0	0	
0	0	0	0	0	0	0	0	0	0	0	
0	0	0	0	0	0	0	0	0	0	0	
0	0	0	0	0	0	0	0	0	0	0	
0	0	0	0	0	0	0	0	0	0	0	
0	0	0	0	0	0	0	0	0	0	0	
0	0	0	0	0	0	0	0	0	0	0	
0	0	0	0	0	0	0	0	0	0	0	
0	0	0	0	0	0	0	0	0	0	0	
0	0	0	0	0	0	0	0	0	0	0	
0	0	0	0	0	0	0	0	0	0	0	
0	0	0	0	0	0	0	0	0	0	0	
0	0	0	0	0	0	0	0	0	0	0	
0	0	0	0	0	0	0	0	0	0	0	
0	0	0	0	0	0	0	0	0	0	0	
0	0	0	0	0	0	0	0	0	0	0	
0	0	0	0	0	0	0	0	0	0	0	
0	0	0	0	0	0	0	0	0	0	0	
0	0	0	0	0	0	0	0	0	0	0	
0	0	0	0	0	0	0	0	0	0	0	
0	0	0	0	0	0	0	0	0	0	0	
0	0	0	0	0	0	0	0	0	0	0	
0	0	0	0	0	0	0	0	0	0	0	
0	0	0	0	0	0	0	0	0	0	0	
0	0	0	0	0	0	0	0	0	0	0	
0	0	0	0	0	0	0	0	0	0	0	
0	0	0	0	0	0	0	0	0	0	0	
0	0	0	0	0	0	0	0	0	0	0	
0	0	0	0	0	0	0	0	0	0	0	
0	0	0	0	0	0	0	0	0	0	0	
0	0	0	0	0	0	0	0	0	0	0	
0	0	0	0	0	0	0	0	0	0	0	
0	0	0	0	0	0	0	0	0	0	0	
0	0	0	0	0	0	0	0	0	0	0	
0	0	0	0	0	0	0	0	0	0	0	
0	0	0	0	0	0	0	0	0	0	0	
0	0	0	0	0	0	0	0	0	0	0	
0	0	0	0	0	0	0	0	0	0	0	
0	0	0	0	0	0	0	0	0	0	0	
0	0	0	0	0	0	0	0	0	0	0	
0	0	0	0	0	0	0	0	0	0	0	
0	0	0	0	0	0	0	0	0	0	0	
0	0	0	0	0	0	0	0	0	0	0	
0	0	0	0	0	0	0	0	0	0	0	
0	0	0	0	0	0	0	0	0	0	0	
0	0	0	0	0	0	0	0	0	0	0	
0	0	0	0	0	0	0	0	0	0	0	
0	0	0	0	0	0	0	0	0	0	0	
0	0	0	0	0	0	0	0	0	0	0	
-------------------------Number of TCAM Overflow occurence-----------------
6
8
11
11
13
15
17
18
22
24
27
29
30
30
33
35
35
38
37
34
33
33
32
35
33
33
32
34
36
35
33
32
34
34
37
36
36
35
33
36
34
34
34
34
34
34
36
36
34
33
35
36
6
0
0
0
0
0
0
0
0
0
0
0
0
0
0
0
0
0
0
0
0
0
0
0
0
0
0
0
0
0
0
0
0
0
0
0
0
0
0
0
0
0
0
0
0
0
0
0
0
0
0
0
0
0
0
0
0
0
