-------------------------Distribution of TCAM Usage------------------------
342	1	-1	0	0	-1	-1	-1	-1	-1	-1	
342	2	0	1	0	-1	-1	-1	-1	-1	-1	
346	3	-1	2	2	-1	-1	-1	-1	-1	-1	
347	1	1	2	2	-1	-1	-1	-1	-1	-1	
345	2	2	2	2	-1	-1	-1	-1	-1	-1	
345	3	0	4	2	-1	-1	-1	-1	-1	-1	
344	4	-1	5	4	-1	-1	-1	-1	-1	-1	
344	3	0	5	4	-1	-1	-1	-1	-1	-1	
344	3	0	5	5	-1	-1	-1	-1	-1	-1	
344	3	0	5	5	-1	-1	-1	-1	-1	-1	
344	3	0	5	5	-1	-1	-1	-1	-1	-1	
344	3	0	5	5	-1	-1	-1	-1	-1	-1	
344	3	0	5	5	-1	-1	-1	-1	-1	-1	
343	3	1	5	5	-1	-1	-1	-1	-1	-1	
342	4	1	5	5	-1	-1	-1	-1	-1	-1	
343	3	0	6	5	-1	-1	-1	-1	-1	-1	
341	5	0	6	5	-1	-1	-1	-1	-1	-1	
342	5	0	6	5	-1	-1	-1	-1	-1	-1	
342	4	1	6	5	-1	-1	-1	-1	-1	-1	
342	5	0	6	5	-1	-1	-1	-1	-1	-1	
342	5	0	6	5	-1	-1	-1	-1	-1	-1	
342	4	1	6	5	-1	-1	-1	-1	-1	-1	
343	3	1	6	5	-1	-1	-1	-1	-1	-1	
342	4	0	6	5	-1	-1	-1	-1	-1	-1	
343	3	1	6	5	-1	-1	-1	-1	-1	-1	
343	3	1	6	5	-1	-1	-1	-1	-1	-1	
342	4	1	6	5	-1	-1	-1	-1	-1	-1	
343	3	1	6	5	-1	-1	-1	-1	-1	-1	
343	3	1	6	5	-1	-1	-1	-1	-1	-1	
343	3	1	6	5	-1	-1	-1	-1	-1	-1	
343	3	1	6	5	-1	-1	-1	-1	-1	-1	
343	3	1	6	5	-1	-1	-1	-1	-1	-1	
342	4	1	6	5	-1	-1	-1	-1	-1	-1	
343	3	1	6	5	-1	-1	-1	-1	-1	-1	
342	4	1	6	5	-1	-1	-1	-1	-1	-1	
343	3	1	6	5	-1	-1	-1	-1	-1	-1	
342	5	0	6	5	-1	-1	-1	-1	-1	-1	
343	4	0	6	5	-1	-1	-1	-1	-1	-1	
342	5	0	6	5	-1	-1	-1	-1	-1	-1	
342	4	1	6	5	-1	-1	-1	-1	-1	-1	
342	4	1	6	5	-1	-1	-1	-1	-1	-1	
342	4	1	6	5	-1	-1	-1	-1	-1	-1	
341	5	1	6	5	-1	-1	-1	-1	-1	-1	
342	4	1	6	5	-1	-1	-1	-1	-1	-1	
342	4	1	6	5	-1	-1	-1	-1	-1	-1	
341	5	1	6	5	-1	-1	-1	-1	-1	-1	
342	4	1	6	5	-1	-1	-1	-1	-1	-1	
342	4	1	6	5	-1	-1	-1	-1	-1	-1	
342	4	1	6	5	-1	-1	-1	-1	-1	-1	
342	4	1	6	5	-1	-1	-1	-1	-1	-1	
342	4	1	6	5	-1	-1	-1	-1	-1	-1	
342	4	1	6	5	-1	-1	-1	-1	-1	-1	
342	5	1	5	1	-1	-1	-1	-1	-1	-1	
-1	-1	-1	-1	-1	-1	-1	-1	-1	-1	-1	
-1	-1	-1	-1	-1	-1	-1	-1	-1	-1	-1	
-1	-1	-1	-1	-1	-1	-1	-1	-1	-1	-1	
-1	-1	-1	-1	-1	-1	-1	-1	-1	-1	-1	
-1	-1	-1	-1	-1	-1	-1	-1	-1	-1	-1	
-1	-1	-1	-1	-1	-1	-1	-1	-1	-1	-1	
-1	-1	-1	-1	-1	-1	-1	-1	-1	-1	-1	
-1	-1	-1	-1	-1	-1	-1	-1	-1	-1	-1	
-1	-1	-1	-1	-1	-1	-1	-1	-1	-1	-1	
-1	-1	-1	-1	-1	-1	-1	-1	-1	-1	-1	
-1	-1	-1	-1	-1	-1	-1	-1	-1	-1	-1	
-1	-1	-1	-1	-1	-1	-1	-1	-1	-1	-1	
-1	-1	-1	-1	-1	-1	-1	-1	-1	-1	-1	
-1	-1	-1	-1	-1	-1	-1	-1	-1	-1	-1	
-1	-1	-1	-1	-1	-1	-1	-1	-1	-1	-1	
-1	-1	-1	-1	-1	-1	-1	-1	-1	-1	-1	
-1	-1	-1	-1	-1	-1	-1	-1	-1	-1	-1	
-1	-1	-1	-1	-1	-1	-1	-1	-1	-1	-1	
-1	-1	-1	-1	-1	-1	-1	-1	-1	-1	-1	
-1	-1	-1	-1	-1	-1	-1	-1	-1	-1	-1	
-1	-1	-1	-1	-1	-1	-1	-1	-1	-1	-1	
-1	-1	-1	-1	-1	-1	-1	-1	-1	-1	-1	
-1	-1	-1	-1	-1	-1	-1	-1	-1	-1	-1	
-1	-1	-1	-1	-1	-1	-1	-1	-1	-1	-1	
-1	-1	-1	-1	-1	-1	-1	-1	-1	-1	-1	
-1	-1	-1	-1	-1	-1	-1	-1	-1	-1	-1	
-1	-1	-1	-1	-1	-1	-1	-1	-1	-1	-1	
-1	-1	-1	-1	-1	-1	-1	-1	-1	-1	-1	
-1	-1	-1	-1	-1	-1	-1	-1	-1	-1	-1	
-1	-1	-1	-1	-1	-1	-1	-1	-1	-1	-1	
-1	-1	-1	-1	-1	-1	-1	-1	-1	-1	-1	
-1	-1	-1	-1	-1	-1	-1	-1	-1	-1	-1	
-1	-1	-1	-1	-1	-1	-1	-1	-1	-1	-1	
-1	-1	-1	-1	-1	-1	-1	-1	-1	-1	-1	
-1	-1	-1	-1	-1	-1	-1	-1	-1	-1	-1	
-1	-1	-1	-1	-1	-1	-1	-1	-1	-1	-1	
-1	-1	-1	-1	-1	-1	-1	-1	-1	-1	-1	
-1	-1	-1	-1	-1	-1	-1	-1	-1	-1	-1	
-1	-1	-1	-1	-1	-1	-1	-1	-1	-1	-1	
-1	-1	-1	-1	-1	-1	-1	-1	-1	-1	-1	
-1	-1	-1	-1	-1	-1	-1	-1	-1	-1	-1	
-1	-1	-1	-1	-1	-1	-1	-1	-1	-1	-1	
-1	-1	-1	-1	-1	-1	-1	-1	-1	-1	-1	
-1	-1	-1	-1	-1	-1	-1	-1	-1	-1	-1	
-1	-1	-1	-1	-1	-1	-1	-1	-1	-1	-1	
-1	-1	-1	-1	-1	-1	-1	-1	-1	-1	-1	
-1	-1	-1	-1	-1	-1	-1	-1	-1	-1	-1	
-1	-1	-1	-1	-1	-1	-1	-1	-1	-1	-1	
-1	-1	-1	-1	-1	-1	-1	-1	-1	-1	-1	
-1	-1	-1	-1	-1	-1	-1	-1	-1	-1	-1	
-1	-1	-1	-1	-1	-1	-1	-1	-1	-1	-1	
-1	-1	-1	-1	-1	-1	-1	-1	-1	-1	-1	
-1	-1	-1	-1	-1	-1	-1	-1	-1	-1	-1	
-1	-1	-1	-1	-1	-1	-1	-1	-1	-1	-1	
-1	-1	-1	-1	-1	-1	-1	-1	-1	-1	-1	
-1	-1	-1	-1	-1	-1	-1	-1	-1	-1	-1	
-1	-1	-1	-1	-1	-1	-1	-1	-1	-1	-1	
-------------------------Number of TCAM Overflow occurence-----------------
0
0
2
2
2
2
4
4
5
5
5
5
5
5
5
5
5
5
5
5
5
5
5
5
5
5
5
5
5
5
5
5
5
5
5
5
5
5
5
5
5
5
5
5
5
5
5
5
5
5
5
5
1
-1
-1
-1
-1
-1
-1
-1
-1
-1
-1
-1
-1
-1
-1
-1
-1
-1
-1
-1
-1
-1
-1
-1
-1
-1
-1
-1
-1
-1
-1
-1
-1
-1
-1
-1
-1
-1
-1
-1
-1
-1
-1
-1
-1
-1
-1
-1
-1
-1
-1
-1
-1
-1
-1
-1
-1
-1
