-------------------------Distribution of TCAM Usage------------------------
292	45	7	1	2	1	1	0	1	0	0	
141	170	25	11	3	2	0	1	1	0	0	
55	185	77	17	12	4	3	1	1	0	0	
28	139	113	45	11	11	4	2	2	1	0	
28	79	129	71	22	8	7	8	2	0	0	
30	49	120	69	50	14	8	6	6	3	0	
32	29	95	89	58	23	10	6	7	4	0	
35	10	83	97	43	52	17	7	4	6	0	
38	3	69	92	57	49	22	11	8	5	0	
41	3	52	77	75	34	40	19	6	7	0	
44	3	45	66	80	32	47	20	10	10	0	
44	2	34	62	76	45	35	32	13	10	0	
48	2	25	60	70	54	29	39	16	10	0	
52	2	17	62	69	51	30	41	21	10	0	
54	1	12	57	65	57	34	37	25	15	0	
54	1	9	54	64	57	35	36	28	15	0	
58	1	8	54	61	57	39	27	33	17	0	
60	1	8	51	56	60	41	26	34	21	0	
59	1	5	52	51	63	44	27	32	24	0	
58	1	5	50	54	60	44	29	32	25	0	
57	1	5	51	55	61	43	24	34	28	0	
55	1	5	50	52	63	43	26	33	31	0	
53	1	4	48	52	66	43	27	34	28	0	
54	1	4	49	56	62	41	28	37	25	0	
54	1	5	45	58	63	41	28	36	26	0	
54	1	5	47	58	62	40	28	34	26	0	
56	1	5	45	59	60	45	26	34	25	0	
57	1	4	48	58	64	40	27	34	25	0	
56	1	5	49	58	60	42	26	34	26	0	
56	1	5	46	61	60	42	28	32	26	0	
56	1	4	47	58	64	39	32	29	27	0	
56	2	2	46	60	65	41	26	30	27	0	
58	2	3	47	57	68	38	23	32	30	0	
57	2	3	46	59	65	41	26	30	28	0	
57	1	2	51	57	62	40	27	30	30	0	
57	1	2	51	58	58	43	29	27	32	0	
56	1	2	51	57	59	44	25	33	29	0	
56	1	2	49	59	59	44	26	32	29	0	
56	1	2	48	58	61	44	27	31	26	0	
59	1	2	48	58	59	47	25	33	27	0	
57	1	2	49	58	61	43	23	36	28	0	
56	1	3	45	64	54	47	25	35	28	0	
55	1	5	46	60	61	44	21	37	29	0	
53	1	4	46	63	55	47	22	37	28	0	
54	1	5	46	60	60	44	23	34	26	0	
58	1	4	49	61	60	39	26	34	28	0	
55	1	3	50	58	67	37	25	33	26	0	
57	1	4	48	60	64	39	22	35	30	0	
54	1	5	48	56	66	43	21	32	28	0	
57	1	6	46	59	62	43	23	35	24	0	
58	1	5	48	52	68	43	24	34	24	0	
58	1	4	49	56	72	34	28	31	24	0	
58	2	14	62	63	68	25	38	27	38	0	
6	0	0	0	0	0	0	0	0	0	0	
0	0	0	0	0	0	0	0	0	0	0	
0	0	0	0	0	0	0	0	0	0	0	
0	0	0	0	0	0	0	0	0	0	0	
0	0	0	0	0	0	0	0	0	0	0	
0	0	0	0	0	0	0	0	0	0	0	
0	0	0	0	0	0	0	0	0	0	0	
0	0	0	0	0	0	0	0	0	0	0	
0	0	0	0	0	0	0	0	0	0	0	
0	0	0	0	0	0	0	0	0	0	0	
0	0	0	0	0	0	0	0	0	0	0	
0	0	0	0	0	0	0	0	0	0	0	
0	0	0	0	0	0	0	0	0	0	0	
0	0	0	0	0	0	0	0	0	0	0	
0	0	0	0	0	0	0	0	0	0	0	
0	0	0	0	0	0	0	0	0	0	0	
0	0	0	0	0	0	0	0	0	0	0	
0	0	0	0	0	0	0	0	0	0	0	
0	0	0	0	0	0	0	0	0	0	0	
0	0	0	0	0	0	0	0	0	0	0	
0	0	0	0	0	0	0	0	0	0	0	
0	0	0	0	0	0	0	0	0	0	0	
0	0	0	0	0	0	0	0	0	0	0	
0	0	0	0	0	0	0	0	0	0	0	
0	0	0	0	0	0	0	0	0	0	0	
0	0	0	0	0	0	0	0	0	0	0	
0	0	0	0	0	0	0	0	0	0	0	
0	0	0	0	0	0	0	0	0	0	0	
0	0	0	0	0	0	0	0	0	0	0	
0	0	0	0	0	0	0	0	0	0	0	
0	0	0	0	0	0	0	0	0	0	0	
0	0	0	0	0	0	0	0	0	0	0	
0	0	0	0	0	0	0	0	0	0	0	
0	0	0	0	0	0	0	0	0	0	0	
0	0	0	0	0	0	0	0	0	0	0	
0	0	0	0	0	0	0	0	0	0	0	
0	0	0	0	0	0	0	0	0	0	0	
0	0	0	0	0	0	0	0	0	0	0	
0	0	0	0	0	0	0	0	0	0	0	
0	0	0	0	0	0	0	0	0	0	0	
0	0	0	0	0	0	0	0	0	0	0	
0	0	0	0	0	0	0	0	0	0	0	
0	0	0	0	0	0	0	0	0	0	0	
0	0	0	0	0	0	0	0	0	0	0	
0	0	0	0	0	0	0	0	0	0	0	
0	0	0	0	0	0	0	0	0	0	0	
0	0	0	0	0	0	0	0	0	0	0	
0	0	0	0	0	0	0	0	0	0	0	
0	0	0	0	0	0	0	0	0	0	0	
0	0	0	0	0	0	0	0	0	0	0	
0	0	0	0	0	0	0	0	0	0	0	
0	0	0	0	0	0	0	0	0	0	0	
0	0	0	0	0	0	0	0	0	0	0	
0	0	0	0	0	0	0	0	0	0	0	
0	0	0	0	0	0	0	0	0	0	0	
0	0	0	0	0	0	0	0	0	0	0	
0	0	0	0	0	0	0	0	0	0	0	
-------------------------Number of TCAM Overflow occurence-----------------
6
9
11
12
15
17
21
24
27
30
30
34
38
40
40
44
46
45
44
43
41
39
40
40
40
42
43
42
42
42
42
44
43
43
43
42
42
42
45
43
42
41
39
40
44
41
43
40
43
44
44
44
6
0
0
0
0
0
0
0
0
0
0
0
0
0
0
0
0
0
0
0
0
0
0
0
0
0
0
0
0
0
0
0
0
0
0
0
0
0
0
0
0
0
0
0
0
0
0
0
0
0
0
0
0
0
0
0
0
0
