-------------------------Distribution of TCAM Usage------------------------
276	57	10	3	0	3	1	0	0	1	0	
106	193	32	12	5	3	1	0	1	1	0	
34	181	94	23	9	7	3	2	1	1	0	
28	100	124	65	16	8	7	3	2	2	0	
29	61	118	68	45	13	8	5	5	2	0	
32	25	92	98	51	28	11	7	4	7	0	
32	9	80	95	47	53	15	8	4	8	0	
38	4	62	83	66	41	36	7	11	4	0	
43	3	44	74	71	41	41	20	10	8	0	
45	3	28	63	77	49	35	33	9	11	0	
49	2	20	59	65	67	22	37	22	9	0	
54	2	8	61	58	65	37	28	32	9	0	
57	2	2	54	63	60	38	25	37	17	0	
59	1	3	49	57	61	43	21	33	28	0	
61	1	3	43	55	57	51	20	34	29	0	
64	1	2	40	47	60	50	25	27	35	0	
70	1	2	38	44	59	48	30	26	37	0	
72	1	2	35	43	58	51	32	20	41	0	
74	1	2	30	48	55	52	34	21	44	0	
70	1	2	30	45	56	53	31	21	46	0	
72	1	2	32	46	54	49	35	23	46	0	
69	1	2	30	47	57	47	34	23	47	0	
69	1	2	28	47	57	46	37	21	51	0	
67	1	2	31	46	54	49	36	19	50	0	
69	1	2	29	49	52	51	36	21	46	0	
70	1	2	30	48	51	49	38	22	48	0	
68	1	2	29	49	51	52	34	23	45	0	
71	1	2	29	43	59	50	34	23	49	0	
67	1	2	28	51	51	54	31	23	45	0	
71	1	2	24	52	54	55	29	26	48	0	
66	1	2	27	47	55	56	29	24	50	0	
66	1	2	30	46	53	56	29	25	42	0	
73	1	2	28	47	55	53	30	23	46	0	
72	1	2	29	45	54	55	31	22	44	0	
74	1	2	28	48	50	58	29	24	45	0	
72	1	2	27	48	52	51	36	25	42	0	
73	1	2	26	50	49	53	36	26	37	0	
77	1	2	23	50	54	54	32	26	42	0	
73	1	2	24	47	59	47	37	25	42	0	
73	1	2	27	45	60	47	32	28	48	0	
67	1	2	28	46	58	44	34	26	50	0	
68	1	2	25	51	54	46	35	27	44	0	
72	1	2	27	49	57	49	31	26	47	0	
68	1	2	26	51	57	47	32	26	45	0	
70	1	2	27	47	61	44	36	25	47	0	
67	1	2	27	48	57	47	37	24	45	0	
69	1	2	29	45	59	44	37	25	44	0	
71	1	2	29	45	63	42	34	28	42	0	
71	1	2	28	43	66	40	39	21	43	0	
74	1	2	24	48	62	42	38	23	44	0	
73	1	2	25	47	61	43	41	19	47	0	
71	1	2	30	41	63	50	32	22	51	0	
65	1	5	41	56	71	35	26	49	53	0	
6	0	0	0	0	0	0	0	0	0	0	
0	0	0	0	0	0	0	0	0	0	0	
0	0	0	0	0	0	0	0	0	0	0	
0	0	0	0	0	0	0	0	0	0	0	
0	0	0	0	0	0	0	0	0	0	0	
0	0	0	0	0	0	0	0	0	0	0	
0	0	0	0	0	0	0	0	0	0	0	
0	0	0	0	0	0	0	0	0	0	0	
0	0	0	0	0	0	0	0	0	0	0	
0	0	0	0	0	0	0	0	0	0	0	
0	0	0	0	0	0	0	0	0	0	0	
0	0	0	0	0	0	0	0	0	0	0	
0	0	0	0	0	0	0	0	0	0	0	
0	0	0	0	0	0	0	0	0	0	0	
0	0	0	0	0	0	0	0	0	0	0	
0	0	0	0	0	0	0	0	0	0	0	
0	0	0	0	0	0	0	0	0	0	0	
0	0	0	0	0	0	0	0	0	0	0	
0	0	0	0	0	0	0	0	0	0	0	
0	0	0	0	0	0	0	0	0	0	0	
0	0	0	0	0	0	0	0	0	0	0	
0	0	0	0	0	0	0	0	0	0	0	
0	0	0	0	0	0	0	0	0	0	0	
0	0	0	0	0	0	0	0	0	0	0	
0	0	0	0	0	0	0	0	0	0	0	
0	0	0	0	0	0	0	0	0	0	0	
0	0	0	0	0	0	0	0	0	0	0	
0	0	0	0	0	0	0	0	0	0	0	
0	0	0	0	0	0	0	0	0	0	0	
0	0	0	0	0	0	0	0	0	0	0	
0	0	0	0	0	0	0	0	0	0	0	
0	0	0	0	0	0	0	0	0	0	0	
0	0	0	0	0	0	0	0	0	0	0	
0	0	0	0	0	0	0	0	0	0	0	
0	0	0	0	0	0	0	0	0	0	0	
0	0	0	0	0	0	0	0	0	0	0	
0	0	0	0	0	0	0	0	0	0	0	
0	0	0	0	0	0	0	0	0	0	0	
0	0	0	0	0	0	0	0	0	0	0	
0	0	0	0	0	0	0	0	0	0	0	
0	0	0	0	0	0	0	0	0	0	0	
0	0	0	0	0	0	0	0	0	0	0	
0	0	0	0	0	0	0	0	0	0	0	
0	0	0	0	0	0	0	0	0	0	0	
0	0	0	0	0	0	0	0	0	0	0	
0	0	0	0	0	0	0	0	0	0	0	
0	0	0	0	0	0	0	0	0	0	0	
0	0	0	0	0	0	0	0	0	0	0	
0	0	0	0	0	0	0	0	0	0	0	
0	0	0	0	0	0	0	0	0	0	0	
0	0	0	0	0	0	0	0	0	0	0	
0	0	0	0	0	0	0	0	0	0	0	
0	0	0	0	0	0	0	0	0	0	0	
0	0	0	0	0	0	0	0	0	0	0	
0	0	0	0	0	0	0	0	0	0	0	
0	0	0	0	0	0	0	0	0	0	0	
0	0	0	0	0	0	0	0	0	0	0	
-------------------------Number of TCAM Overflow occurence-----------------
6
9
11
13
16
18
24
29
31
35
40
43
45
47
50
56
58
60
56
58
55
55
53
55
56
54
57
53
57
52
52
59
58
60
58
59
63
59
59
53
54
58
54
56
53
55
57
57
60
59
57
51
6
0
0
0
0
0
0
0
0
0
0
0
0
0
0
0
0
0
0
0
0
0
0
0
0
0
0
0
0
0
0
0
0
0
0
0
0
0
0
0
0
0
0
0
0
0
0
0
0
0
0
0
0
0
0
0
0
0
