-------------------------Distribution of TCAM Usage------------------------
348	3	-1	2	2	-1	-1	-1	-1	-1	-1	
345	3	-1	5	4	-1	-1	-1	-1	-1	-1	
343	3	1	5	5	-1	-1	-1	-1	-1	-1	
341	4	1	6	6	-1	-1	-1	-1	-1	-1	
339	6	0	8	6	-1	-1	-1	-1	-1	-1	
333	11	1	8	8	-1	-1	-1	-1	-1	-1	
329	15	1	8	8	-1	-1	-1	-1	-1	-1	
323	19	1	10	8	-1	-1	-1	-1	-1	-1	
321	21	1	10	10	-1	-1	-1	-1	-1	-1	
316	25	2	10	10	-1	-1	-1	-1	-1	-1	
311	28	3	10	10	-1	-1	-1	-1	-1	-1	
308	30	3	11	10	-1	-1	-1	-1	-1	-1	
305	34	2	12	10	-1	-1	-1	-1	-1	-1	
302	35	4	12	11	-1	-1	-1	-1	-1	-1	
296	41	2	14	11	-1	-1	-1	-1	-1	-1	
293	44	2	14	11	-1	-1	-1	-1	-1	-1	
287	48	4	14	11	-1	-1	-1	-1	-1	-1	
286	49	4	14	11	-1	-1	-1	-1	-1	-1	
286	49	4	14	12	-1	-1	-1	-1	-1	-1	
282	51	6	14	12	-1	-1	-1	-1	-1	-1	
281	53	5	14	11	-1	-1	-1	-1	-1	-1	
280	54	5	14	11	-1	-1	-1	-1	-1	-1	
280	54	5	14	11	-1	-1	-1	-1	-1	-1	
278	56	5	14	10	-1	-1	-1	-1	-1	-1	
279	55	6	13	11	-1	-1	-1	-1	-1	-1	
277	57	6	13	11	-1	-1	-1	-1	-1	-1	
280	55	5	13	10	-1	-1	-1	-1	-1	-1	
278	58	4	13	10	-1	-1	-1	-1	-1	-1	
279	56	5	13	10	-1	-1	-1	-1	-1	-1	
278	57	5	13	10	-1	-1	-1	-1	-1	-1	
277	57	6	13	11	-1	-1	-1	-1	-1	-1	
278	56	6	13	11	-1	-1	-1	-1	-1	-1	
279	56	5	13	11	-1	-1	-1	-1	-1	-1	
275	61	4	13	10	-1	-1	-1	-1	-1	-1	
277	59	4	13	10	-1	-1	-1	-1	-1	-1	
279	56	5	13	10	-1	-1	-1	-1	-1	-1	
280	55	5	13	10	-1	-1	-1	-1	-1	-1	
278	57	5	13	10	-1	-1	-1	-1	-1	-1	
281	53	6	13	10	-1	-1	-1	-1	-1	-1	
280	55	5	13	10	-1	-1	-1	-1	-1	-1	
280	55	5	13	10	-1	-1	-1	-1	-1	-1	
280	55	5	13	11	-1	-1	-1	-1	-1	-1	
274	60	6	13	11	-1	-1	-1	-1	-1	-1	
278	57	5	13	12	-1	-1	-1	-1	-1	-1	
281	55	4	13	12	-1	-1	-1	-1	-1	-1	
279	57	4	13	11	-1	-1	-1	-1	-1	-1	
277	59	4	13	11	-1	-1	-1	-1	-1	-1	
278	57	5	13	11	-1	-1	-1	-1	-1	-1	
279	56	5	13	11	-1	-1	-1	-1	-1	-1	
277	58	5	13	11	-1	-1	-1	-1	-1	-1	
276	59	5	13	11	-1	-1	-1	-1	-1	-1	
281	54	5	13	11	-1	-1	-1	-1	-1	-1	
297	40	6	10	2	-1	-1	-1	-1	-1	-1	
-1	-1	-1	-1	-1	-1	-1	-1	-1	-1	-1	
-1	-1	-1	-1	-1	-1	-1	-1	-1	-1	-1	
-1	-1	-1	-1	-1	-1	-1	-1	-1	-1	-1	
-1	-1	-1	-1	-1	-1	-1	-1	-1	-1	-1	
-1	-1	-1	-1	-1	-1	-1	-1	-1	-1	-1	
-1	-1	-1	-1	-1	-1	-1	-1	-1	-1	-1	
-1	-1	-1	-1	-1	-1	-1	-1	-1	-1	-1	
-1	-1	-1	-1	-1	-1	-1	-1	-1	-1	-1	
-1	-1	-1	-1	-1	-1	-1	-1	-1	-1	-1	
-1	-1	-1	-1	-1	-1	-1	-1	-1	-1	-1	
-1	-1	-1	-1	-1	-1	-1	-1	-1	-1	-1	
-1	-1	-1	-1	-1	-1	-1	-1	-1	-1	-1	
-1	-1	-1	-1	-1	-1	-1	-1	-1	-1	-1	
-1	-1	-1	-1	-1	-1	-1	-1	-1	-1	-1	
-1	-1	-1	-1	-1	-1	-1	-1	-1	-1	-1	
-1	-1	-1	-1	-1	-1	-1	-1	-1	-1	-1	
-1	-1	-1	-1	-1	-1	-1	-1	-1	-1	-1	
-1	-1	-1	-1	-1	-1	-1	-1	-1	-1	-1	
-1	-1	-1	-1	-1	-1	-1	-1	-1	-1	-1	
-1	-1	-1	-1	-1	-1	-1	-1	-1	-1	-1	
-1	-1	-1	-1	-1	-1	-1	-1	-1	-1	-1	
-1	-1	-1	-1	-1	-1	-1	-1	-1	-1	-1	
-1	-1	-1	-1	-1	-1	-1	-1	-1	-1	-1	
-1	-1	-1	-1	-1	-1	-1	-1	-1	-1	-1	
-1	-1	-1	-1	-1	-1	-1	-1	-1	-1	-1	
-1	-1	-1	-1	-1	-1	-1	-1	-1	-1	-1	
-1	-1	-1	-1	-1	-1	-1	-1	-1	-1	-1	
-1	-1	-1	-1	-1	-1	-1	-1	-1	-1	-1	
-1	-1	-1	-1	-1	-1	-1	-1	-1	-1	-1	
-1	-1	-1	-1	-1	-1	-1	-1	-1	-1	-1	
-1	-1	-1	-1	-1	-1	-1	-1	-1	-1	-1	
-1	-1	-1	-1	-1	-1	-1	-1	-1	-1	-1	
-1	-1	-1	-1	-1	-1	-1	-1	-1	-1	-1	
-1	-1	-1	-1	-1	-1	-1	-1	-1	-1	-1	
-1	-1	-1	-1	-1	-1	-1	-1	-1	-1	-1	
-1	-1	-1	-1	-1	-1	-1	-1	-1	-1	-1	
-1	-1	-1	-1	-1	-1	-1	-1	-1	-1	-1	
-1	-1	-1	-1	-1	-1	-1	-1	-1	-1	-1	
-1	-1	-1	-1	-1	-1	-1	-1	-1	-1	-1	
-1	-1	-1	-1	-1	-1	-1	-1	-1	-1	-1	
-1	-1	-1	-1	-1	-1	-1	-1	-1	-1	-1	
-1	-1	-1	-1	-1	-1	-1	-1	-1	-1	-1	
-1	-1	-1	-1	-1	-1	-1	-1	-1	-1	-1	
-1	-1	-1	-1	-1	-1	-1	-1	-1	-1	-1	
-1	-1	-1	-1	-1	-1	-1	-1	-1	-1	-1	
-1	-1	-1	-1	-1	-1	-1	-1	-1	-1	-1	
-1	-1	-1	-1	-1	-1	-1	-1	-1	-1	-1	
-1	-1	-1	-1	-1	-1	-1	-1	-1	-1	-1	
-1	-1	-1	-1	-1	-1	-1	-1	-1	-1	-1	
-1	-1	-1	-1	-1	-1	-1	-1	-1	-1	-1	
-1	-1	-1	-1	-1	-1	-1	-1	-1	-1	-1	
-1	-1	-1	-1	-1	-1	-1	-1	-1	-1	-1	
-1	-1	-1	-1	-1	-1	-1	-1	-1	-1	-1	
-1	-1	-1	-1	-1	-1	-1	-1	-1	-1	-1	
-1	-1	-1	-1	-1	-1	-1	-1	-1	-1	-1	
-1	-1	-1	-1	-1	-1	-1	-1	-1	-1	-1	
-1	-1	-1	-1	-1	-1	-1	-1	-1	-1	-1	
-------------------------Number of TCAM Overflow occurence-----------------
2
4
5
6
6
8
8
8
10
10
10
10
10
11
11
11
11
11
12
12
11
11
11
10
11
11
10
10
10
10
11
11
11
10
10
10
10
10
10
10
10
11
11
12
12
11
11
11
11
11
11
11
2
-1
-1
-1
-1
-1
-1
-1
-1
-1
-1
-1
-1
-1
-1
-1
-1
-1
-1
-1
-1
-1
-1
-1
-1
-1
-1
-1
-1
-1
-1
-1
-1
-1
-1
-1
-1
-1
-1
-1
-1
-1
-1
-1
-1
-1
-1
-1
-1
-1
-1
-1
-1
-1
-1
-1
-1
-1
