-------------------------Distribution of TCAM Usage------------------------
345	4	-1	5	3	-1	-1	-1	-1	-1	-1	
340	6	1	6	6	-1	-1	-1	-1	-1	-1	
331	13	1	8	8	-1	-1	-1	-1	-1	-1	
319	22	2	10	10	-1	-1	-1	-1	-1	-1	
303	35	5	10	10	-1	-1	-1	-1	-1	-1	
279	55	6	13	11	-1	-1	-1	-1	-1	-1	
245	84	9	15	14	-1	-1	-1	-1	-1	-1	
226	100	9	18	14	-1	-1	-1	-1	-1	-1	
202	120	11	20	17	-1	-1	-1	-1	-1	-1	
175	141	16	21	18	-1	-1	-1	-1	-1	-1	
157	154	17	25	20	-1	-1	-1	-1	-1	-1	
149	160	19	25	21	-1	-1	-1	-1	-1	-1	
137	170	15	31	24	-1	-1	-1	-1	-1	-1	
126	178	18	31	24	-1	-1	-1	-1	-1	-1	
116	179	27	31	26	-1	-1	-1	-1	-1	-1	
109	182	30	32	28	-1	-1	-1	-1	-1	-1	
103	183	31	36	28	-1	-1	-1	-1	-1	-1	
96	186	35	36	28	-1	-1	-1	-1	-1	-1	
94	187	34	38	28	-1	-1	-1	-1	-1	-1	
91	190	34	38	26	-1	-1	-1	-1	-1	-1	
90	191	35	37	23	-1	-1	-1	-1	-1	-1	
89	194	33	37	28	-1	-1	-1	-1	-1	-1	
84	198	35	36	27	-1	-1	-1	-1	-1	-1	
84	195	39	35	25	-1	-1	-1	-1	-1	-1	
86	196	36	35	26	-1	-1	-1	-1	-1	-1	
88	194	37	34	27	-1	-1	-1	-1	-1	-1	
89	191	38	35	26	-1	-1	-1	-1	-1	-1	
91	189	37	36	26	-1	-1	-1	-1	-1	-1	
94	188	35	36	28	-1	-1	-1	-1	-1	-1	
94	188	33	38	26	-1	-1	-1	-1	-1	-1	
91	190	35	37	26	-1	-1	-1	-1	-1	-1	
88	193	37	35	25	-1	-1	-1	-1	-1	-1	
88	192	37	36	27	-1	-1	-1	-1	-1	-1	
89	190	37	37	25	-1	-1	-1	-1	-1	-1	
86	198	32	37	26	-1	-1	-1	-1	-1	-1	
87	195	33	38	28	-1	-1	-1	-1	-1	-1	
85	195	35	38	25	-1	-1	-1	-1	-1	-1	
91	192	32	38	26	-1	-1	-1	-1	-1	-1	
87	192	36	38	25	-1	-1	-1	-1	-1	-1	
91	188	37	37	26	-1	-1	-1	-1	-1	-1	
87	194	35	37	26	-1	-1	-1	-1	-1	-1	
88	195	33	37	25	-1	-1	-1	-1	-1	-1	
88	194	32	39	26	-1	-1	-1	-1	-1	-1	
89	187	38	39	26	-1	-1	-1	-1	-1	-1	
88	190	36	39	27	-1	-1	-1	-1	-1	-1	
92	187	36	38	24	-1	-1	-1	-1	-1	-1	
90	193	33	37	25	-1	-1	-1	-1	-1	-1	
88	190	37	38	26	-1	-1	-1	-1	-1	-1	
90	190	35	38	28	-1	-1	-1	-1	-1	-1	
88	193	34	38	25	-1	-1	-1	-1	-1	-1	
87	193	35	38	26	-1	-1	-1	-1	-1	-1	
89	193	35	36	25	-1	-1	-1	-1	-1	-1	
116	183	29	25	4	-1	-1	-1	-1	-1	-1	
-1	-1	-1	-1	-1	-1	-1	-1	-1	-1	-1	
-1	-1	-1	-1	-1	-1	-1	-1	-1	-1	-1	
-1	-1	-1	-1	-1	-1	-1	-1	-1	-1	-1	
-1	-1	-1	-1	-1	-1	-1	-1	-1	-1	-1	
-1	-1	-1	-1	-1	-1	-1	-1	-1	-1	-1	
-1	-1	-1	-1	-1	-1	-1	-1	-1	-1	-1	
-1	-1	-1	-1	-1	-1	-1	-1	-1	-1	-1	
-1	-1	-1	-1	-1	-1	-1	-1	-1	-1	-1	
-1	-1	-1	-1	-1	-1	-1	-1	-1	-1	-1	
-1	-1	-1	-1	-1	-1	-1	-1	-1	-1	-1	
-1	-1	-1	-1	-1	-1	-1	-1	-1	-1	-1	
-1	-1	-1	-1	-1	-1	-1	-1	-1	-1	-1	
-1	-1	-1	-1	-1	-1	-1	-1	-1	-1	-1	
-1	-1	-1	-1	-1	-1	-1	-1	-1	-1	-1	
-1	-1	-1	-1	-1	-1	-1	-1	-1	-1	-1	
-1	-1	-1	-1	-1	-1	-1	-1	-1	-1	-1	
-1	-1	-1	-1	-1	-1	-1	-1	-1	-1	-1	
-1	-1	-1	-1	-1	-1	-1	-1	-1	-1	-1	
-1	-1	-1	-1	-1	-1	-1	-1	-1	-1	-1	
-1	-1	-1	-1	-1	-1	-1	-1	-1	-1	-1	
-1	-1	-1	-1	-1	-1	-1	-1	-1	-1	-1	
-1	-1	-1	-1	-1	-1	-1	-1	-1	-1	-1	
-1	-1	-1	-1	-1	-1	-1	-1	-1	-1	-1	
-1	-1	-1	-1	-1	-1	-1	-1	-1	-1	-1	
-1	-1	-1	-1	-1	-1	-1	-1	-1	-1	-1	
-1	-1	-1	-1	-1	-1	-1	-1	-1	-1	-1	
-1	-1	-1	-1	-1	-1	-1	-1	-1	-1	-1	
-1	-1	-1	-1	-1	-1	-1	-1	-1	-1	-1	
-1	-1	-1	-1	-1	-1	-1	-1	-1	-1	-1	
-1	-1	-1	-1	-1	-1	-1	-1	-1	-1	-1	
-1	-1	-1	-1	-1	-1	-1	-1	-1	-1	-1	
-1	-1	-1	-1	-1	-1	-1	-1	-1	-1	-1	
-1	-1	-1	-1	-1	-1	-1	-1	-1	-1	-1	
-1	-1	-1	-1	-1	-1	-1	-1	-1	-1	-1	
-1	-1	-1	-1	-1	-1	-1	-1	-1	-1	-1	
-1	-1	-1	-1	-1	-1	-1	-1	-1	-1	-1	
-1	-1	-1	-1	-1	-1	-1	-1	-1	-1	-1	
-1	-1	-1	-1	-1	-1	-1	-1	-1	-1	-1	
-1	-1	-1	-1	-1	-1	-1	-1	-1	-1	-1	
-1	-1	-1	-1	-1	-1	-1	-1	-1	-1	-1	
-1	-1	-1	-1	-1	-1	-1	-1	-1	-1	-1	
-1	-1	-1	-1	-1	-1	-1	-1	-1	-1	-1	
-1	-1	-1	-1	-1	-1	-1	-1	-1	-1	-1	
-1	-1	-1	-1	-1	-1	-1	-1	-1	-1	-1	
-1	-1	-1	-1	-1	-1	-1	-1	-1	-1	-1	
-1	-1	-1	-1	-1	-1	-1	-1	-1	-1	-1	
-1	-1	-1	-1	-1	-1	-1	-1	-1	-1	-1	
-1	-1	-1	-1	-1	-1	-1	-1	-1	-1	-1	
-1	-1	-1	-1	-1	-1	-1	-1	-1	-1	-1	
-1	-1	-1	-1	-1	-1	-1	-1	-1	-1	-1	
-1	-1	-1	-1	-1	-1	-1	-1	-1	-1	-1	
-1	-1	-1	-1	-1	-1	-1	-1	-1	-1	-1	
-1	-1	-1	-1	-1	-1	-1	-1	-1	-1	-1	
-1	-1	-1	-1	-1	-1	-1	-1	-1	-1	-1	
-1	-1	-1	-1	-1	-1	-1	-1	-1	-1	-1	
-1	-1	-1	-1	-1	-1	-1	-1	-1	-1	-1	
-1	-1	-1	-1	-1	-1	-1	-1	-1	-1	-1	
-------------------------Number of TCAM Overflow occurence-----------------
3
6
8
10
10
11
14
14
17
18
20
21
24
24
26
28
28
28
28
26
23
28
27
25
26
27
26
26
28
26
26
25
27
25
26
28
25
26
25
26
26
25
26
26
27
24
25
26
28
25
26
25
4
-1
-1
-1
-1
-1
-1
-1
-1
-1
-1
-1
-1
-1
-1
-1
-1
-1
-1
-1
-1
-1
-1
-1
-1
-1
-1
-1
-1
-1
-1
-1
-1
-1
-1
-1
-1
-1
-1
-1
-1
-1
-1
-1
-1
-1
-1
-1
-1
-1
-1
-1
-1
-1
-1
-1
-1
-1
