-------------------------Distribution of TCAM Usage------------------------
340	7	1	1	2	0	0	0	1	0	0	
334	14	3	1	1	0	2	1	0	0	0	
323	23	3	3	1	1	0	0	0	2	0	
312	32	6	0	3	1	0	1	0	0	0	
286	53	10	3	0	3	1	0	1	0	0	
255	78	15	4	0	2	1	1	0	1	0	
224	104	18	4	2	0	2	1	1	0	0	
195	131	17	7	3	0	1	1	1	1	0	
164	157	21	7	3	1	0	2	1	1	0	
147	167	24	9	3	3	0	0	2	1	0	
134	176	23	15	3	3	0	0	2	0	0	
123	179	30	16	4	3	0	0	1	1	0	
113	181	38	15	4	1	3	0	1	1	0	
104	182	46	12	6	2	3	0	0	1	0	
98	183	50	15	4	3	3	0	0	1	0	
90	184	56	14	5	4	3	0	0	1	0	
88	180	60	14	7	4	3	0	0	1	0	
83	182	61	17	6	4	2	1	0	1	0	
78	185	65	14	7	4	2	1	0	1	0	
79	181	68	14	7	3	3	1	0	1	0	
77	183	67	14	8	3	3	1	0	1	0	
77	186	65	13	8	4	2	1	0	1	0	
75	189	65	12	8	3	3	1	0	1	0	
77	182	70	11	9	3	3	1	0	1	0	
77	185	66	13	8	3	2	2	0	1	0	
73	185	71	12	8	3	3	1	0	2	0	
75	182	70	13	8	3	2	2	0	0	0	
81	183	66	12	8	3	3	1	0	0	0	
81	179	70	12	8	3	2	2	0	1	0	
83	177	69	11	10	3	1	2	0	1	0	
80	177	72	11	10	3	1	2	0	1	0	
75	183	71	12	9	2	3	1	0	1	0	
73	188	69	11	9	2	3	1	0	2	0	
73	186	69	12	9	2	3	1	0	2	0	
72	185	71	10	11	3	2	1	0	2	0	
72	190	67	11	9	3	2	1	0	2	0	
75	192	60	12	10	3	2	1	0	1	0	
80	185	64	12	9	3	2	1	0	1	0	
82	183	63	13	9	3	2	1	0	1	0	
79	186	63	13	9	3	2	1	0	1	0	
78	188	61	15	9	2	2	1	0	2	0	
75	187	64	16	8	2	2	1	0	1	0	
75	191	62	13	10	2	2	1	0	1	0	
83	181	63	14	9	3	2	1	0	2	0	
72	190	66	13	7	4	2	1	0	0	0	
74	190	66	13	8	3	2	1	0	1	0	
74	189	64	14	9	3	2	1	0	1	0	
75	189	63	15	8	3	2	1	0	1	0	
76	188	63	16	7	3	2	1	0	2	0	
73	186	65	17	8	3	2	1	0	2	0	
70	188	67	16	7	4	2	1	0	2	0	
72	190	63	17	6	3	3	1	0	2	0	
94	184	51	17	3	3	3	0	0	6	0	
5	0	0	0	0	0	0	0	0	0	0	
0	0	0	0	0	0	0	0	0	0	0	
0	0	0	0	0	0	0	0	0	0	0	
0	0	0	0	0	0	0	0	0	0	0	
0	0	0	0	0	0	0	0	0	0	0	
0	0	0	0	0	0	0	0	0	0	0	
0	0	0	0	0	0	0	0	0	0	0	
0	0	0	0	0	0	0	0	0	0	0	
0	0	0	0	0	0	0	0	0	0	0	
0	0	0	0	0	0	0	0	0	0	0	
0	0	0	0	0	0	0	0	0	0	0	
0	0	0	0	0	0	0	0	0	0	0	
0	0	0	0	0	0	0	0	0	0	0	
0	0	0	0	0	0	0	0	0	0	0	
0	0	0	0	0	0	0	0	0	0	0	
0	0	0	0	0	0	0	0	0	0	0	
0	0	0	0	0	0	0	0	0	0	0	
0	0	0	0	0	0	0	0	0	0	0	
0	0	0	0	0	0	0	0	0	0	0	
0	0	0	0	0	0	0	0	0	0	0	
0	0	0	0	0	0	0	0	0	0	0	
0	0	0	0	0	0	0	0	0	0	0	
0	0	0	0	0	0	0	0	0	0	0	
0	0	0	0	0	0	0	0	0	0	0	
0	0	0	0	0	0	0	0	0	0	0	
0	0	0	0	0	0	0	0	0	0	0	
0	0	0	0	0	0	0	0	0	0	0	
0	0	0	0	0	0	0	0	0	0	0	
0	0	0	0	0	0	0	0	0	0	0	
0	0	0	0	0	0	0	0	0	0	0	
0	0	0	0	0	0	0	0	0	0	0	
0	0	0	0	0	0	0	0	0	0	0	
0	0	0	0	0	0	0	0	0	0	0	
0	0	0	0	0	0	0	0	0	0	0	
0	0	0	0	0	0	0	0	0	0	0	
0	0	0	0	0	0	0	0	0	0	0	
0	0	0	0	0	0	0	0	0	0	0	
0	0	0	0	0	0	0	0	0	0	0	
0	0	0	0	0	0	0	0	0	0	0	
0	0	0	0	0	0	0	0	0	0	0	
0	0	0	0	0	0	0	0	0	0	0	
0	0	0	0	0	0	0	0	0	0	0	
0	0	0	0	0	0	0	0	0	0	0	
0	0	0	0	0	0	0	0	0	0	0	
0	0	0	0	0	0	0	0	0	0	0	
0	0	0	0	0	0	0	0	0	0	0	
0	0	0	0	0	0	0	0	0	0	0	
0	0	0	0	0	0	0	0	0	0	0	
0	0	0	0	0	0	0	0	0	0	0	
0	0	0	0	0	0	0	0	0	0	0	
0	0	0	0	0	0	0	0	0	0	0	
0	0	0	0	0	0	0	0	0	0	0	
0	0	0	0	0	0	0	0	0	0	0	
0	0	0	0	0	0	0	0	0	0	0	
0	0	0	0	0	0	0	0	0	0	0	
0	0	0	0	0	0	0	0	0	0	0	
0	0	0	0	0	0	0	0	0	0	0	
-------------------------Number of TCAM Overflow occurence-----------------
2
3
4
6
6
6
7
7
7
8
9
9
9
10
10
10
10
10
10
10
10
10
10
10
10
9
11
11
10
10
10
10
9
9
9
9
10
10
10
10
9
10
10
9
11
10
10
10
9
9
9
9
5
0
0
0
0
0
0
0
0
0
0
0
0
0
0
0
0
0
0
0
0
0
0
0
0
0
0
0
0
0
0
0
0
0
0
0
0
0
0
0
0
0
0
0
0
0
0
0
0
0
0
0
0
0
0
0
0
0
