-------------------------Distribution of TCAM Usage------------------------
338	2	3	0	1	1	0	0	0	0	0	
338	5	1	1	2	0	0	0	1	1	0	
337	8	3	1	1	2	0	0	0	0	0	
334	13	3	1	1	0	2	1	0	0	0	
331	16	2	2	0	1	0	1	2	0	0	
324	23	1	3	1	1	0	0	1	2	0	
320	26	2	2	2	0	1	0	0	1	0	
318	27	5	2	2	0	1	0	0	1	0	
307	37	6	0	2	2	0	1	0	0	0	
305	40	6	0	2	2	0	1	0	0	0	
301	41	9	0	2	2	0	0	1	0	0	
298	43	9	1	2	1	1	0	1	0	0	
288	52	9	2	2	1	1	0	1	0	0	
280	60	9	2	1	2	1	0	1	0	0	
273	65	10	3	1	1	2	0	1	0	0	
264	72	12	3	1	1	1	1	0	1	0	
262	72	14	3	0	2	1	1	0	1	0	
260	76	13	3	0	2	1	1	0	1	0	
256	80	13	3	0	2	1	1	0	1	0	
259	75	15	3	0	2	1	1	0	1	0	
261	74	14	3	0	2	1	1	0	1	0	
259	75	14	4	0	2	1	1	0	1	0	
261	73	14	4	0	2	1	1	0	1	0	
267	65	15	4	0	1	2	1	0	1	0	
265	69	14	4	0	1	2	1	0	1	0	
260	74	14	4	0	2	1	1	0	1	0	
262	71	16	3	0	2	1	1	0	1	0	
264	69	16	3	0	2	1	1	0	1	0	
266	67	15	4	0	2	1	1	0	1	0	
262	73	14	3	0	2	1	1	0	1	0	
260	75	13	4	0	2	1	0	1	1	0	
260	72	16	4	0	2	1	0	1	1	0	
261	73	14	4	0	2	1	0	1	1	0	
257	76	15	4	0	1	2	0	1	1	0	
260	72	16	4	0	0	3	0	1	1	0	
258	74	15	5	0	1	2	1	0	1	0	
255	78	14	5	0	0	3	1	0	1	0	
254	79	14	5	0	1	2	0	1	1	0	
257	76	14	5	0	2	1	0	1	1	0	
257	76	14	5	0	2	1	0	1	1	0	
256	77	14	5	0	1	2	0	1	1	0	
250	82	15	5	0	1	2	0	1	1	0	
255	77	16	4	0	1	1	1	1	1	0	
258	76	14	4	0	1	2	0	1	1	0	
259	73	16	4	0	1	2	0	1	1	0	
260	72	16	4	0	1	2	0	1	1	0	
258	76	13	5	0	1	2	1	0	1	0	
259	74	14	5	0	1	2	1	0	1	0	
253	81	13	5	0	1	2	1	0	1	0	
253	81	14	4	0	2	1	1	0	1	0	
252	83	13	4	0	2	0	2	0	1	0	
259	76	13	4	0	2	0	2	0	1	0	
274	64	11	3	0	2	1	1	1	4	0	
2	0	0	0	0	0	0	0	0	0	0	
0	0	0	0	0	0	0	0	0	0	0	
0	0	0	0	0	0	0	0	0	0	0	
0	0	0	0	0	0	0	0	0	0	0	
0	0	0	0	0	0	0	0	0	0	0	
0	0	0	0	0	0	0	0	0	0	0	
0	0	0	0	0	0	0	0	0	0	0	
0	0	0	0	0	0	0	0	0	0	0	
0	0	0	0	0	0	0	0	0	0	0	
0	0	0	0	0	0	0	0	0	0	0	
0	0	0	0	0	0	0	0	0	0	0	
0	0	0	0	0	0	0	0	0	0	0	
0	0	0	0	0	0	0	0	0	0	0	
0	0	0	0	0	0	0	0	0	0	0	
0	0	0	0	0	0	0	0	0	0	0	
0	0	0	0	0	0	0	0	0	0	0	
0	0	0	0	0	0	0	0	0	0	0	
0	0	0	0	0	0	0	0	0	0	0	
0	0	0	0	0	0	0	0	0	0	0	
0	0	0	0	0	0	0	0	0	0	0	
0	0	0	0	0	0	0	0	0	0	0	
0	0	0	0	0	0	0	0	0	0	0	
0	0	0	0	0	0	0	0	0	0	0	
0	0	0	0	0	0	0	0	0	0	0	
0	0	0	0	0	0	0	0	0	0	0	
0	0	0	0	0	0	0	0	0	0	0	
0	0	0	0	0	0	0	0	0	0	0	
0	0	0	0	0	0	0	0	0	0	0	
0	0	0	0	0	0	0	0	0	0	0	
0	0	0	0	0	0	0	0	0	0	0	
0	0	0	0	0	0	0	0	0	0	0	
0	0	0	0	0	0	0	0	0	0	0	
0	0	0	0	0	0	0	0	0	0	0	
0	0	0	0	0	0	0	0	0	0	0	
0	0	0	0	0	0	0	0	0	0	0	
0	0	0	0	0	0	0	0	0	0	0	
0	0	0	0	0	0	0	0	0	0	0	
0	0	0	0	0	0	0	0	0	0	0	
0	0	0	0	0	0	0	0	0	0	0	
0	0	0	0	0	0	0	0	0	0	0	
0	0	0	0	0	0	0	0	0	0	0	
0	0	0	0	0	0	0	0	0	0	0	
0	0	0	0	0	0	0	0	0	0	0	
0	0	0	0	0	0	0	0	0	0	0	
0	0	0	0	0	0	0	0	0	0	0	
0	0	0	0	0	0	0	0	0	0	0	
0	0	0	0	0	0	0	0	0	0	0	
0	0	0	0	0	0	0	0	0	0	0	
0	0	0	0	0	0	0	0	0	0	0	
0	0	0	0	0	0	0	0	0	0	0	
0	0	0	0	0	0	0	0	0	0	0	
0	0	0	0	0	0	0	0	0	0	0	
0	0	0	0	0	0	0	0	0	0	0	
0	0	0	0	0	0	0	0	0	0	0	
0	0	0	0	0	0	0	0	0	0	0	
0	0	0	0	0	0	0	0	0	0	0	
0	0	0	0	0	0	0	0	0	0	0	
-------------------------Number of TCAM Overflow occurence-----------------
1
1
3
3
3
3
5
5
6
6
6
6
6
6
6
6
6
6
6
6
6
6
6
6
6
6
6
6
6
6
6
6
6
6
6
6
6
6
6
6
6
6
6
6
6
6
6
6
6
6
6
6
2
0
0
0
0
0
0
0
0
0
0
0
0
0
0
0
0
0
0
0
0
0
0
0
0
0
0
0
0
0
0
0
0
0
0
0
0
0
0
0
0
0
0
0
0
0
0
0
0
0
0
0
0
0
0
0
0
0
