-------------------------Distribution of TCAM Usage------------------------
322	20	3	3	0	1	0	0	2	1	0	
271	63	10	4	0	2	1	1	0	1	0	
166	148	25	8	3	1	0	2	0	2	0	
97	192	40	13	6	2	3	0	0	2	0	
60	187	73	17	8	6	1	3	0	0	0	
38	169	99	26	10	8	3	1	2	1	0	
29	142	108	43	14	8	8	1	1	2	0	
29	106	121	62	16	8	7	4	1	1	0	
30	88	118	70	24	9	7	6	4	0	0	
30	71	117	77	30	14	5	8	3	2	0	
30	56	110	79	46	14	6	7	5	4	0	
30	44	106	81	56	13	10	6	7	2	0	
32	37	102	84	54	21	10	6	6	3	0	
34	28	96	92	54	25	12	6	4	6	0	
34	17	98	93	53	32	11	8	3	8	0	
34	16	91	92	56	36	11	7	5	7	0	
36	13	91	89	54	43	10	9	4	7	0	
37	8	95	86	54	46	9	11	4	8	0	
35	10	86	94	54	46	7	12	5	7	0	
36	11	83	92	56	43	12	13	4	7	0	
37	6	85	97	54	44	9	14	4	7	0	
37	9	87	92	55	39	14	13	3	9	0	
36	7	89	93	53	44	10	13	4	9	0	
35	4	92	92	55	43	10	12	5	8	0	
35	7	89	98	46	48	9	13	4	10	0	
33	7	89	97	51	43	10	13	4	8	0	
35	7	87	99	49	44	11	13	5	8	0	
34	8	90	94	50	44	10	13	6	8	0	
34	9	82	101	49	43	12	15	3	10	0	
33	10	86	95	47	49	11	12	5	6	0	
36	10	88	90	53	46	11	11	6	7	0	
35	10	85	94	51	47	11	10	7	7	0	
35	8	86	94	54	45	11	12	4	9	0	
34	8	89	95	48	47	11	12	4	8	0	
35	11	82	97	52	45	12	10	5	9	0	
34	10	84	97	48	47	13	10	5	8	0	
35	8	84	98	50	43	16	10	5	8	0	
35	7	80	109	42	47	14	10	6	8	0	
34	9	78	105	48	48	12	11	4	9	0	
33	11	78	103	50	47	12	10	5	7	0	
34	9	83	102	49	44	12	12	6	7	0	
34	12	77	105	44	50	12	10	4	10	0	
33	9	80	104	47	48	12	9	6	7	0	
35	10	79	105	45	50	12	8	6	8	0	
34	8	81	102	49	48	13	8	6	4	0	
38	10	81	99	50	46	14	9	7	6	0	
35	9	83	101	44	47	17	8	7	5	0	
36	9	84	98	46	47	18	6	7	6	0	
36	10	82	98	47	47	18	7	6	6	0	
36	8	85	98	46	46	18	7	6	8	0	
35	10	87	95	49	46	13	8	6	5	0	
38	11	86	96	52	44	12	8	5	10	0	
33	28	103	88	52	23	12	6	13	13	0	
4	0	0	0	0	0	0	0	0	0	0	
0	0	0	0	0	0	0	0	0	0	0	
0	0	0	0	0	0	0	0	0	0	0	
0	0	0	0	0	0	0	0	0	0	0	
0	0	0	0	0	0	0	0	0	0	0	
0	0	0	0	0	0	0	0	0	0	0	
0	0	0	0	0	0	0	0	0	0	0	
0	0	0	0	0	0	0	0	0	0	0	
0	0	0	0	0	0	0	0	0	0	0	
0	0	0	0	0	0	0	0	0	0	0	
0	0	0	0	0	0	0	0	0	0	0	
0	0	0	0	0	0	0	0	0	0	0	
0	0	0	0	0	0	0	0	0	0	0	
0	0	0	0	0	0	0	0	0	0	0	
0	0	0	0	0	0	0	0	0	0	0	
0	0	0	0	0	0	0	0	0	0	0	
0	0	0	0	0	0	0	0	0	0	0	
0	0	0	0	0	0	0	0	0	0	0	
0	0	0	0	0	0	0	0	0	0	0	
0	0	0	0	0	0	0	0	0	0	0	
0	0	0	0	0	0	0	0	0	0	0	
0	0	0	0	0	0	0	0	0	0	0	
0	0	0	0	0	0	0	0	0	0	0	
0	0	0	0	0	0	0	0	0	0	0	
0	0	0	0	0	0	0	0	0	0	0	
0	0	0	0	0	0	0	0	0	0	0	
0	0	0	0	0	0	0	0	0	0	0	
0	0	0	0	0	0	0	0	0	0	0	
0	0	0	0	0	0	0	0	0	0	0	
0	0	0	0	0	0	0	0	0	0	0	
0	0	0	0	0	0	0	0	0	0	0	
0	0	0	0	0	0	0	0	0	0	0	
0	0	0	0	0	0	0	0	0	0	0	
0	0	0	0	0	0	0	0	0	0	0	
0	0	0	0	0	0	0	0	0	0	0	
0	0	0	0	0	0	0	0	0	0	0	
0	0	0	0	0	0	0	0	0	0	0	
0	0	0	0	0	0	0	0	0	0	0	
0	0	0	0	0	0	0	0	0	0	0	
0	0	0	0	0	0	0	0	0	0	0	
0	0	0	0	0	0	0	0	0	0	0	
0	0	0	0	0	0	0	0	0	0	0	
0	0	0	0	0	0	0	0	0	0	0	
0	0	0	0	0	0	0	0	0	0	0	
0	0	0	0	0	0	0	0	0	0	0	
0	0	0	0	0	0	0	0	0	0	0	
0	0	0	0	0	0	0	0	0	0	0	
0	0	0	0	0	0	0	0	0	0	0	
0	0	0	0	0	0	0	0	0	0	0	
0	0	0	0	0	0	0	0	0	0	0	
0	0	0	0	0	0	0	0	0	0	0	
0	0	0	0	0	0	0	0	0	0	0	
0	0	0	0	0	0	0	0	0	0	0	
0	0	0	0	0	0	0	0	0	0	0	
0	0	0	0	0	0	0	0	0	0	0	
0	0	0	0	0	0	0	0	0	0	0	
0	0	0	0	0	0	0	0	0	0	0	
-------------------------Number of TCAM Overflow occurence-----------------
3
6
7
9
11
11
12
14
15
15
15
17
19
19
19
21
22
21
22
22
22
21
20
21
19
21
20
20
19
22
21
21
20
21
20
21
21
20
19
20
19
18
20
19
23
20
21
21
21
20
23
18
4
0
0
0
0
0
0
0
0
0
0
0
0
0
0
0
0
0
0
0
0
0
0
0
0
0
0
0
0
0
0
0
0
0
0
0
0
0
0
0
0
0
0
0
0
0
0
0
0
0
0
0
0
0
0
0
0
0
