-------------------------Distribution of TCAM Usage------------------------
345	3	0	5	5	-1	-1	-1	-1	-1	-1	
339	5	1	8	7	-1	-1	-1	-1	-1	-1	
324	19	0	10	10	-1	-1	-1	-1	-1	-1	
308	31	4	10	10	-1	-1	-1	-1	-1	-1	
277	60	2	14	12	-1	-1	-1	-1	-1	-1	
243	85	10	15	14	-1	-1	-1	-1	-1	-1	
216	107	13	17	16	-1	-1	-1	-1	-1	-1	
184	135	12	22	17	-1	-1	-1	-1	-1	-1	
155	156	16	26	21	-1	-1	-1	-1	-1	-1	
127	178	17	31	23	-1	-1	-1	-1	-1	-1	
112	190	20	31	26	-1	-1	-1	-1	-1	-1	
97	195	29	32	28	-1	-1	-1	-1	-1	-1	
81	197	37	38	29	-1	-1	-1	-1	-1	-1	
74	194	46	39	29	-1	-1	-1	-1	-1	-1	
69	188	54	42	32	-1	-1	-1	-1	-1	-1	
67	182	63	41	34	-1	-1	-1	-1	-1	-1	
60	185	63	45	34	-1	-1	-1	-1	-1	-1	
58	186	62	47	37	-1	-1	-1	-1	-1	-1	
54	185	67	47	36	-1	-1	-1	-1	-1	-1	
53	187	65	48	33	-1	-1	-1	-1	-1	-1	
51	188	66	48	32	-1	-1	-1	-1	-1	-1	
52	187	66	48	32	-1	-1	-1	-1	-1	-1	
54	187	63	49	31	-1	-1	-1	-1	-1	-1	
54	188	64	47	34	-1	-1	-1	-1	-1	-1	
55	185	65	48	32	-1	-1	-1	-1	-1	-1	
56	185	65	47	32	-1	-1	-1	-1	-1	-1	
55	187	64	47	31	-1	-1	-1	-1	-1	-1	
55	187	64	47	33	-1	-1	-1	-1	-1	-1	
58	187	61	47	35	-1	-1	-1	-1	-1	-1	
57	187	62	47	34	-1	-1	-1	-1	-1	-1	
58	182	66	47	32	-1	-1	-1	-1	-1	-1	
57	184	65	47	31	-1	-1	-1	-1	-1	-1	
58	181	67	47	33	-1	-1	-1	-1	-1	-1	
58	179	69	47	33	-1	-1	-1	-1	-1	-1	
58	179	69	47	36	-1	-1	-1	-1	-1	-1	
54	184	67	48	35	-1	-1	-1	-1	-1	-1	
57	182	66	48	35	-1	-1	-1	-1	-1	-1	
56	184	66	47	34	-1	-1	-1	-1	-1	-1	
56	187	63	47	32	-1	-1	-1	-1	-1	-1	
56	188	61	48	35	-1	-1	-1	-1	-1	-1	
59	183	62	49	33	-1	-1	-1	-1	-1	-1	
59	184	62	48	33	-1	-1	-1	-1	-1	-1	
60	182	64	47	33	-1	-1	-1	-1	-1	-1	
62	182	62	47	33	-1	-1	-1	-1	-1	-1	
59	185	62	47	33	-1	-1	-1	-1	-1	-1	
58	187	60	48	33	-1	-1	-1	-1	-1	-1	
58	184	63	48	35	-1	-1	-1	-1	-1	-1	
61	181	64	47	35	-1	-1	-1	-1	-1	-1	
61	182	62	48	33	-1	-1	-1	-1	-1	-1	
62	182	61	48	32	-1	-1	-1	-1	-1	-1	
62	181	61	49	34	-1	-1	-1	-1	-1	-1	
61	183	60	49	35	-1	-1	-1	-1	-1	-1	
75	191	54	33	5	-1	-1	-1	-1	-1	-1	
-1	-1	-1	-1	-1	-1	-1	-1	-1	-1	-1	
-1	-1	-1	-1	-1	-1	-1	-1	-1	-1	-1	
-1	-1	-1	-1	-1	-1	-1	-1	-1	-1	-1	
-1	-1	-1	-1	-1	-1	-1	-1	-1	-1	-1	
-1	-1	-1	-1	-1	-1	-1	-1	-1	-1	-1	
-1	-1	-1	-1	-1	-1	-1	-1	-1	-1	-1	
-1	-1	-1	-1	-1	-1	-1	-1	-1	-1	-1	
-1	-1	-1	-1	-1	-1	-1	-1	-1	-1	-1	
-1	-1	-1	-1	-1	-1	-1	-1	-1	-1	-1	
-1	-1	-1	-1	-1	-1	-1	-1	-1	-1	-1	
-1	-1	-1	-1	-1	-1	-1	-1	-1	-1	-1	
-1	-1	-1	-1	-1	-1	-1	-1	-1	-1	-1	
-1	-1	-1	-1	-1	-1	-1	-1	-1	-1	-1	
-1	-1	-1	-1	-1	-1	-1	-1	-1	-1	-1	
-1	-1	-1	-1	-1	-1	-1	-1	-1	-1	-1	
-1	-1	-1	-1	-1	-1	-1	-1	-1	-1	-1	
-1	-1	-1	-1	-1	-1	-1	-1	-1	-1	-1	
-1	-1	-1	-1	-1	-1	-1	-1	-1	-1	-1	
-1	-1	-1	-1	-1	-1	-1	-1	-1	-1	-1	
-1	-1	-1	-1	-1	-1	-1	-1	-1	-1	-1	
-1	-1	-1	-1	-1	-1	-1	-1	-1	-1	-1	
-1	-1	-1	-1	-1	-1	-1	-1	-1	-1	-1	
-1	-1	-1	-1	-1	-1	-1	-1	-1	-1	-1	
-1	-1	-1	-1	-1	-1	-1	-1	-1	-1	-1	
-1	-1	-1	-1	-1	-1	-1	-1	-1	-1	-1	
-1	-1	-1	-1	-1	-1	-1	-1	-1	-1	-1	
-1	-1	-1	-1	-1	-1	-1	-1	-1	-1	-1	
-1	-1	-1	-1	-1	-1	-1	-1	-1	-1	-1	
-1	-1	-1	-1	-1	-1	-1	-1	-1	-1	-1	
-1	-1	-1	-1	-1	-1	-1	-1	-1	-1	-1	
-1	-1	-1	-1	-1	-1	-1	-1	-1	-1	-1	
-1	-1	-1	-1	-1	-1	-1	-1	-1	-1	-1	
-1	-1	-1	-1	-1	-1	-1	-1	-1	-1	-1	
-1	-1	-1	-1	-1	-1	-1	-1	-1	-1	-1	
-1	-1	-1	-1	-1	-1	-1	-1	-1	-1	-1	
-1	-1	-1	-1	-1	-1	-1	-1	-1	-1	-1	
-1	-1	-1	-1	-1	-1	-1	-1	-1	-1	-1	
-1	-1	-1	-1	-1	-1	-1	-1	-1	-1	-1	
-1	-1	-1	-1	-1	-1	-1	-1	-1	-1	-1	
-1	-1	-1	-1	-1	-1	-1	-1	-1	-1	-1	
-1	-1	-1	-1	-1	-1	-1	-1	-1	-1	-1	
-1	-1	-1	-1	-1	-1	-1	-1	-1	-1	-1	
-1	-1	-1	-1	-1	-1	-1	-1	-1	-1	-1	
-1	-1	-1	-1	-1	-1	-1	-1	-1	-1	-1	
-1	-1	-1	-1	-1	-1	-1	-1	-1	-1	-1	
-1	-1	-1	-1	-1	-1	-1	-1	-1	-1	-1	
-1	-1	-1	-1	-1	-1	-1	-1	-1	-1	-1	
-1	-1	-1	-1	-1	-1	-1	-1	-1	-1	-1	
-1	-1	-1	-1	-1	-1	-1	-1	-1	-1	-1	
-1	-1	-1	-1	-1	-1	-1	-1	-1	-1	-1	
-1	-1	-1	-1	-1	-1	-1	-1	-1	-1	-1	
-1	-1	-1	-1	-1	-1	-1	-1	-1	-1	-1	
-1	-1	-1	-1	-1	-1	-1	-1	-1	-1	-1	
-1	-1	-1	-1	-1	-1	-1	-1	-1	-1	-1	
-1	-1	-1	-1	-1	-1	-1	-1	-1	-1	-1	
-1	-1	-1	-1	-1	-1	-1	-1	-1	-1	-1	
-1	-1	-1	-1	-1	-1	-1	-1	-1	-1	-1	
-------------------------Number of TCAM Overflow occurence-----------------
5
7
10
10
12
14
16
17
21
23
26
28
29
29
32
34
34
37
36
33
32
32
31
34
32
32
31
33
35
34
32
31
33
33
36
35
35
34
32
35
33
33
33
33
33
33
35
35
33
32
34
35
5
-1
-1
-1
-1
-1
-1
-1
-1
-1
-1
-1
-1
-1
-1
-1
-1
-1
-1
-1
-1
-1
-1
-1
-1
-1
-1
-1
-1
-1
-1
-1
-1
-1
-1
-1
-1
-1
-1
-1
-1
-1
-1
-1
-1
-1
-1
-1
-1
-1
-1
-1
-1
-1
-1
-1
-1
-1
