-------------------------Distribution of TCAM Usage------------------------
344	3	0	5	5	-1	-1	-1	-1	-1	-1	
333	11	1	8	8	-1	-1	-1	-1	-1	-1	
318	23	2	10	10	-1	-1	-1	-1	-1	-1	
297	41	3	12	11	-1	-1	-1	-1	-1	-1	
246	83	10	14	14	-1	-1	-1	-1	-1	-1	
211	111	12	19	16	-1	-1	-1	-1	-1	-1	
176	139	14	24	20	-1	-1	-1	-1	-1	-1	
136	171	17	29	23	-1	-1	-1	-1	-1	-1	
113	186	23	31	26	-1	-1	-1	-1	-1	-1	
98	192	27	36	29	-1	-1	-1	-1	-1	-1	
76	192	46	39	29	-1	-1	-1	-1	-1	-1	
67	186	57	43	33	-1	-1	-1	-1	-1	-1	
58	180	68	47	37	-1	-1	-1	-1	-1	-1	
52	181	71	49	39	-1	-1	-1	-1	-1	-1	
46	184	69	54	39	-1	-1	-1	-1	-1	-1	
42	184	69	58	43	-1	-1	-1	-1	-1	-1	
39	186	66	62	45	-1	-1	-1	-1	-1	-1	
36	184	68	65	44	-1	-1	-1	-1	-1	-1	
34	185	67	67	43	-1	-1	-1	-1	-1	-1	
31	186	69	67	42	-1	-1	-1	-1	-1	-1	
30	186	69	68	40	-1	-1	-1	-1	-1	-1	
30	186	68	69	38	-1	-1	-1	-1	-1	-1	
32	183	71	67	39	-1	-1	-1	-1	-1	-1	
32	184	73	64	39	-1	-1	-1	-1	-1	-1	
31	185	72	65	39	-1	-1	-1	-1	-1	-1	
30	187	69	67	41	-1	-1	-1	-1	-1	-1	
30	187	69	67	42	-1	-1	-1	-1	-1	-1	
30	185	72	66	41	-1	-1	-1	-1	-1	-1	
30	185	71	67	41	-1	-1	-1	-1	-1	-1	
31	185	70	67	41	-1	-1	-1	-1	-1	-1	
32	183	70	68	41	-1	-1	-1	-1	-1	-1	
29	186	68	70	43	-1	-1	-1	-1	-1	-1	
29	185	67	72	42	-1	-1	-1	-1	-1	-1	
30	186	67	70	42	-1	-1	-1	-1	-1	-1	
29	187	65	72	42	-1	-1	-1	-1	-1	-1	
28	189	63	73	41	-1	-1	-1	-1	-1	-1	
26	190	67	70	41	-1	-1	-1	-1	-1	-1	
27	186	70	70	41	-1	-1	-1	-1	-1	-1	
27	189	67	70	44	-1	-1	-1	-1	-1	-1	
29	186	69	69	42	-1	-1	-1	-1	-1	-1	
29	186	69	69	41	-1	-1	-1	-1	-1	-1	
29	187	69	68	40	-1	-1	-1	-1	-1	-1	
26	189	71	67	38	-1	-1	-1	-1	-1	-1	
28	187	71	67	39	-1	-1	-1	-1	-1	-1	
30	187	67	69	43	-1	-1	-1	-1	-1	-1	
29	191	65	68	40	-1	-1	-1	-1	-1	-1	
29	187	69	68	42	-1	-1	-1	-1	-1	-1	
30	187	67	69	39	-1	-1	-1	-1	-1	-1	
33	184	66	70	42	-1	-1	-1	-1	-1	-1	
30	189	67	67	43	-1	-1	-1	-1	-1	-1	
28	193	65	67	43	-1	-1	-1	-1	-1	-1	
32	190	64	67	43	-1	-1	-1	-1	-1	-1	
52	184	74	43	5	-1	-1	-1	-1	-1	-1	
-1	-1	-1	-1	-1	-1	-1	-1	-1	-1	-1	
-1	-1	-1	-1	-1	-1	-1	-1	-1	-1	-1	
-1	-1	-1	-1	-1	-1	-1	-1	-1	-1	-1	
-1	-1	-1	-1	-1	-1	-1	-1	-1	-1	-1	
-1	-1	-1	-1	-1	-1	-1	-1	-1	-1	-1	
-1	-1	-1	-1	-1	-1	-1	-1	-1	-1	-1	
-1	-1	-1	-1	-1	-1	-1	-1	-1	-1	-1	
-1	-1	-1	-1	-1	-1	-1	-1	-1	-1	-1	
-1	-1	-1	-1	-1	-1	-1	-1	-1	-1	-1	
-1	-1	-1	-1	-1	-1	-1	-1	-1	-1	-1	
-1	-1	-1	-1	-1	-1	-1	-1	-1	-1	-1	
-1	-1	-1	-1	-1	-1	-1	-1	-1	-1	-1	
-1	-1	-1	-1	-1	-1	-1	-1	-1	-1	-1	
-1	-1	-1	-1	-1	-1	-1	-1	-1	-1	-1	
-1	-1	-1	-1	-1	-1	-1	-1	-1	-1	-1	
-1	-1	-1	-1	-1	-1	-1	-1	-1	-1	-1	
-1	-1	-1	-1	-1	-1	-1	-1	-1	-1	-1	
-1	-1	-1	-1	-1	-1	-1	-1	-1	-1	-1	
-1	-1	-1	-1	-1	-1	-1	-1	-1	-1	-1	
-1	-1	-1	-1	-1	-1	-1	-1	-1	-1	-1	
-1	-1	-1	-1	-1	-1	-1	-1	-1	-1	-1	
-1	-1	-1	-1	-1	-1	-1	-1	-1	-1	-1	
-1	-1	-1	-1	-1	-1	-1	-1	-1	-1	-1	
-1	-1	-1	-1	-1	-1	-1	-1	-1	-1	-1	
-1	-1	-1	-1	-1	-1	-1	-1	-1	-1	-1	
-1	-1	-1	-1	-1	-1	-1	-1	-1	-1	-1	
-1	-1	-1	-1	-1	-1	-1	-1	-1	-1	-1	
-1	-1	-1	-1	-1	-1	-1	-1	-1	-1	-1	
-1	-1	-1	-1	-1	-1	-1	-1	-1	-1	-1	
-1	-1	-1	-1	-1	-1	-1	-1	-1	-1	-1	
-1	-1	-1	-1	-1	-1	-1	-1	-1	-1	-1	
-1	-1	-1	-1	-1	-1	-1	-1	-1	-1	-1	
-1	-1	-1	-1	-1	-1	-1	-1	-1	-1	-1	
-1	-1	-1	-1	-1	-1	-1	-1	-1	-1	-1	
-1	-1	-1	-1	-1	-1	-1	-1	-1	-1	-1	
-1	-1	-1	-1	-1	-1	-1	-1	-1	-1	-1	
-1	-1	-1	-1	-1	-1	-1	-1	-1	-1	-1	
-1	-1	-1	-1	-1	-1	-1	-1	-1	-1	-1	
-1	-1	-1	-1	-1	-1	-1	-1	-1	-1	-1	
-1	-1	-1	-1	-1	-1	-1	-1	-1	-1	-1	
-1	-1	-1	-1	-1	-1	-1	-1	-1	-1	-1	
-1	-1	-1	-1	-1	-1	-1	-1	-1	-1	-1	
-1	-1	-1	-1	-1	-1	-1	-1	-1	-1	-1	
-1	-1	-1	-1	-1	-1	-1	-1	-1	-1	-1	
-1	-1	-1	-1	-1	-1	-1	-1	-1	-1	-1	
-1	-1	-1	-1	-1	-1	-1	-1	-1	-1	-1	
-1	-1	-1	-1	-1	-1	-1	-1	-1	-1	-1	
-1	-1	-1	-1	-1	-1	-1	-1	-1	-1	-1	
-1	-1	-1	-1	-1	-1	-1	-1	-1	-1	-1	
-1	-1	-1	-1	-1	-1	-1	-1	-1	-1	-1	
-1	-1	-1	-1	-1	-1	-1	-1	-1	-1	-1	
-1	-1	-1	-1	-1	-1	-1	-1	-1	-1	-1	
-1	-1	-1	-1	-1	-1	-1	-1	-1	-1	-1	
-1	-1	-1	-1	-1	-1	-1	-1	-1	-1	-1	
-1	-1	-1	-1	-1	-1	-1	-1	-1	-1	-1	
-1	-1	-1	-1	-1	-1	-1	-1	-1	-1	-1	
-1	-1	-1	-1	-1	-1	-1	-1	-1	-1	-1	
-------------------------Number of TCAM Overflow occurence-----------------
5
8
10
11
14
16
20
23
26
29
29
33
37
39
39
43
45
44
43
42
40
38
39
39
39
41
42
41
41
41
41
43
42
42
42
41
41
41
44
42
41
40
38
39
43
40
42
39
42
43
43
43
5
-1
-1
-1
-1
-1
-1
-1
-1
-1
-1
-1
-1
-1
-1
-1
-1
-1
-1
-1
-1
-1
-1
-1
-1
-1
-1
-1
-1
-1
-1
-1
-1
-1
-1
-1
-1
-1
-1
-1
-1
-1
-1
-1
-1
-1
-1
-1
-1
-1
-1
-1
-1
-1
-1
-1
-1
-1
