-------------------------Distribution of TCAM Usage------------------------
343	5	-1	6	5	-1	-1	-1	-1	-1	-1	
329	15	0	9	8	-1	-1	-1	-1	-1	-1	
305	35	2	11	10	-1	-1	-1	-1	-1	-1	
262	72	5	14	12	-1	-1	-1	-1	-1	-1	
224	99	13	17	15	-1	-1	-1	-1	-1	-1	
176	141	12	24	17	-1	-1	-1	-1	-1	-1	
132	174	16	31	23	-1	-1	-1	-1	-1	-1	
102	194	25	32	28	-1	-1	-1	-1	-1	-1	
83	193	39	38	30	-1	-1	-1	-1	-1	-1	
68	184	56	45	34	-1	-1	-1	-1	-1	-1	
54	187	64	48	39	-1	-1	-1	-1	-1	-1	
42	188	72	51	42	-1	-1	-1	-1	-1	-1	
35	192	65	61	44	-1	-1	-1	-1	-1	-1	
27	185	67	74	46	-1	-1	-1	-1	-1	-1	
21	182	72	78	49	-1	-1	-1	-1	-1	-1	
18	178	67	90	55	-1	-1	-1	-1	-1	-1	
18	176	65	94	57	-1	-1	-1	-1	-1	-1	
17	171	65	100	59	-1	-1	-1	-1	-1	-1	
18	168	68	99	55	-1	-1	-1	-1	-1	-1	
16	168	66	103	57	-1	-1	-1	-1	-1	-1	
17	166	70	100	54	-1	-1	-1	-1	-1	-1	
16	168	68	101	54	-1	-1	-1	-1	-1	-1	
16	170	64	103	52	-1	-1	-1	-1	-1	-1	
16	167	66	104	54	-1	-1	-1	-1	-1	-1	
16	168	68	101	55	-1	-1	-1	-1	-1	-1	
16	169	67	101	53	-1	-1	-1	-1	-1	-1	
16	168	68	101	56	-1	-1	-1	-1	-1	-1	
16	167	69	101	52	-1	-1	-1	-1	-1	-1	
16	165	71	101	56	-1	-1	-1	-1	-1	-1	
16	163	75	99	51	-1	-1	-1	-1	-1	-1	
16	170	66	101	51	-1	-1	-1	-1	-1	-1	
16	166	71	100	58	-1	-1	-1	-1	-1	-1	
16	162	72	103	57	-1	-1	-1	-1	-1	-1	
16	167	67	103	59	-1	-1	-1	-1	-1	-1	
16	166	69	102	57	-1	-1	-1	-1	-1	-1	
16	169	68	100	58	-1	-1	-1	-1	-1	-1	
16	167	71	99	62	-1	-1	-1	-1	-1	-1	
17	165	71	100	58	-1	-1	-1	-1	-1	-1	
17	164	72	100	58	-1	-1	-1	-1	-1	-1	
16	165	72	100	52	-1	-1	-1	-1	-1	-1	
16	166	68	103	53	-1	-1	-1	-1	-1	-1	
17	166	69	101	57	-1	-1	-1	-1	-1	-1	
17	167	69	100	53	-1	-1	-1	-1	-1	-1	
17	165	71	100	55	-1	-1	-1	-1	-1	-1	
17	166	71	99	52	-1	-1	-1	-1	-1	-1	
16	165	73	99	54	-1	-1	-1	-1	-1	-1	
19	160	74	100	56	-1	-1	-1	-1	-1	-1	
19	160	76	98	56	-1	-1	-1	-1	-1	-1	
18	163	70	102	59	-1	-1	-1	-1	-1	-1	
20	160	71	102	58	-1	-1	-1	-1	-1	-1	
18	164	68	103	56	-1	-1	-1	-1	-1	-1	
19	170	63	101	50	-1	-1	-1	-1	-1	-1	
25	187	83	58	5	-1	-1	-1	-1	-1	-1	
-1	-1	-1	-1	-1	-1	-1	-1	-1	-1	-1	
-1	-1	-1	-1	-1	-1	-1	-1	-1	-1	-1	
-1	-1	-1	-1	-1	-1	-1	-1	-1	-1	-1	
-1	-1	-1	-1	-1	-1	-1	-1	-1	-1	-1	
-1	-1	-1	-1	-1	-1	-1	-1	-1	-1	-1	
-1	-1	-1	-1	-1	-1	-1	-1	-1	-1	-1	
-1	-1	-1	-1	-1	-1	-1	-1	-1	-1	-1	
-1	-1	-1	-1	-1	-1	-1	-1	-1	-1	-1	
-1	-1	-1	-1	-1	-1	-1	-1	-1	-1	-1	
-1	-1	-1	-1	-1	-1	-1	-1	-1	-1	-1	
-1	-1	-1	-1	-1	-1	-1	-1	-1	-1	-1	
-1	-1	-1	-1	-1	-1	-1	-1	-1	-1	-1	
-1	-1	-1	-1	-1	-1	-1	-1	-1	-1	-1	
-1	-1	-1	-1	-1	-1	-1	-1	-1	-1	-1	
-1	-1	-1	-1	-1	-1	-1	-1	-1	-1	-1	
-1	-1	-1	-1	-1	-1	-1	-1	-1	-1	-1	
-1	-1	-1	-1	-1	-1	-1	-1	-1	-1	-1	
-1	-1	-1	-1	-1	-1	-1	-1	-1	-1	-1	
-1	-1	-1	-1	-1	-1	-1	-1	-1	-1	-1	
-1	-1	-1	-1	-1	-1	-1	-1	-1	-1	-1	
-1	-1	-1	-1	-1	-1	-1	-1	-1	-1	-1	
-1	-1	-1	-1	-1	-1	-1	-1	-1	-1	-1	
-1	-1	-1	-1	-1	-1	-1	-1	-1	-1	-1	
-1	-1	-1	-1	-1	-1	-1	-1	-1	-1	-1	
-1	-1	-1	-1	-1	-1	-1	-1	-1	-1	-1	
-1	-1	-1	-1	-1	-1	-1	-1	-1	-1	-1	
-1	-1	-1	-1	-1	-1	-1	-1	-1	-1	-1	
-1	-1	-1	-1	-1	-1	-1	-1	-1	-1	-1	
-1	-1	-1	-1	-1	-1	-1	-1	-1	-1	-1	
-1	-1	-1	-1	-1	-1	-1	-1	-1	-1	-1	
-1	-1	-1	-1	-1	-1	-1	-1	-1	-1	-1	
-1	-1	-1	-1	-1	-1	-1	-1	-1	-1	-1	
-1	-1	-1	-1	-1	-1	-1	-1	-1	-1	-1	
-1	-1	-1	-1	-1	-1	-1	-1	-1	-1	-1	
-1	-1	-1	-1	-1	-1	-1	-1	-1	-1	-1	
-1	-1	-1	-1	-1	-1	-1	-1	-1	-1	-1	
-1	-1	-1	-1	-1	-1	-1	-1	-1	-1	-1	
-1	-1	-1	-1	-1	-1	-1	-1	-1	-1	-1	
-1	-1	-1	-1	-1	-1	-1	-1	-1	-1	-1	
-1	-1	-1	-1	-1	-1	-1	-1	-1	-1	-1	
-1	-1	-1	-1	-1	-1	-1	-1	-1	-1	-1	
-1	-1	-1	-1	-1	-1	-1	-1	-1	-1	-1	
-1	-1	-1	-1	-1	-1	-1	-1	-1	-1	-1	
-1	-1	-1	-1	-1	-1	-1	-1	-1	-1	-1	
-1	-1	-1	-1	-1	-1	-1	-1	-1	-1	-1	
-1	-1	-1	-1	-1	-1	-1	-1	-1	-1	-1	
-1	-1	-1	-1	-1	-1	-1	-1	-1	-1	-1	
-1	-1	-1	-1	-1	-1	-1	-1	-1	-1	-1	
-1	-1	-1	-1	-1	-1	-1	-1	-1	-1	-1	
-1	-1	-1	-1	-1	-1	-1	-1	-1	-1	-1	
-1	-1	-1	-1	-1	-1	-1	-1	-1	-1	-1	
-1	-1	-1	-1	-1	-1	-1	-1	-1	-1	-1	
-1	-1	-1	-1	-1	-1	-1	-1	-1	-1	-1	
-1	-1	-1	-1	-1	-1	-1	-1	-1	-1	-1	
-1	-1	-1	-1	-1	-1	-1	-1	-1	-1	-1	
-1	-1	-1	-1	-1	-1	-1	-1	-1	-1	-1	
-1	-1	-1	-1	-1	-1	-1	-1	-1	-1	-1	
-------------------------Number of TCAM Overflow occurence-----------------
5
8
10
12
15
17
23
28
30
34
39
42
44
46
49
55
57
59
55
57
54
54
52
54
55
53
56
52
56
51
51
58
57
59
57
58
62
58
58
52
53
57
53
55
52
54
56
56
59
58
56
50
5
-1
-1
-1
-1
-1
-1
-1
-1
-1
-1
-1
-1
-1
-1
-1
-1
-1
-1
-1
-1
-1
-1
-1
-1
-1
-1
-1
-1
-1
-1
-1
-1
-1
-1
-1
-1
-1
-1
-1
-1
-1
-1
-1
-1
-1
-1
-1
-1
-1
-1
-1
-1
-1
-1
-1
-1
-1
