-------------------------Distribution of TCAM Usage------------------------
317	26	3	2	2	0	1	0	0	2	0	
217	110	16	5	2	0	2	1	1	0	0	
124	173	35	13	3	5	0	0	2	0	0	
58	187	76	14	12	3	3	2	0	0	0	
34	164	102	29	12	8	3	2	3	0	0	
27	124	109	59	16	9	5	3	2	2	0	
27	93	118	64	25	11	10	2	3	1	0	
30	63	115	76	39	13	8	7	2	4	0	
30	43	109	80	52	16	10	7	4	3	0	
33	28	110	77	53	27	12	7	6	3	0	
33	20	97	87	52	38	8	9	6	5	0	
35	13	87	96	46	45	11	12	7	4	0	
36	7	82	95	44	46	23	9	5	7	0	
39	4	77	86	54	48	28	6	8	7	0	
39	3	72	80	62	46	31	7	10	5	0	
41	3	60	84	64	44	33	12	10	4	0	
43	3	59	85	62	41	36	12	8	8	0	
43	3	52	84	70	37	37	15	8	8	0	
43	3	50	83	67	37	41	15	8	10	0	
43	3	47	85	68	36	40	16	9	12	0	
41	3	42	85	74	33	43	15	10	14	0	
39	2	44	82	73	37	39	17	10	9	0	
44	2	45	81	76	33	39	18	11	9	0	
42	3	49	76	72	37	43	14	13	10	0	
40	3	48	78	72	37	41	16	12	9	0	
41	3	44	81	74	36	42	15	13	7	0	
42	3	43	81	74	36	42	16	12	9	0	
41	3	44	81	75	35	44	13	11	10	0	
41	3	42	81	75	37	40	17	11	8	0	
43	3	44	80	75	38	38	17	9	12	0	
41	3	46	76	76	37	40	17	10	11	0	
41	3	47	77	78	34	42	14	12	10	0	
40	4	44	77	79	34	42	14	12	9	0	
42	4	44	83	74	33	45	13	9	12	0	
40	3	46	80	76	33	43	15	9	11	0	
41	3	47	85	74	28	47	11	9	10	0	
43	3	47	82	76	27	47	14	8	13	0	
40	3	45	86	71	34	46	9	10	12	0	
41	3	44	87	70	31	49	11	9	13	0	
40	3	48	81	72	32	47	12	10	11	0	
41	3	44	84	71	37	43	14	9	11	0	
41	3	44	88	69	34	44	14	9	12	0	
40	3	44	82	74	33	47	13	7	13	0	
41	3	42	83	76	31	46	15	7	13	0	
41	3	43	82	74	36	43	15	7	12	0	
42	3	45	84	74	32	41	18	7	14	0	
39	3	47	81	73	36	40	16	9	12	0	
40	3	47	78	75	36	40	18	7	12	0	
41	3	48	79	72	37	39	18	8	10	0	
43	3	49	79	72	39	37	18	7	13	0	
40	3	47	81	71	39	40	14	9	12	0	
41	3	47	86	68	38	40	15	9	11	0	
40	7	66	94	59	40	28	10	13	21	0	
5	0	0	0	0	0	0	0	0	0	0	
0	0	0	0	0	0	0	0	0	0	0	
0	0	0	0	0	0	0	0	0	0	0	
0	0	0	0	0	0	0	0	0	0	0	
0	0	0	0	0	0	0	0	0	0	0	
0	0	0	0	0	0	0	0	0	0	0	
0	0	0	0	0	0	0	0	0	0	0	
0	0	0	0	0	0	0	0	0	0	0	
0	0	0	0	0	0	0	0	0	0	0	
0	0	0	0	0	0	0	0	0	0	0	
0	0	0	0	0	0	0	0	0	0	0	
0	0	0	0	0	0	0	0	0	0	0	
0	0	0	0	0	0	0	0	0	0	0	
0	0	0	0	0	0	0	0	0	0	0	
0	0	0	0	0	0	0	0	0	0	0	
0	0	0	0	0	0	0	0	0	0	0	
0	0	0	0	0	0	0	0	0	0	0	
0	0	0	0	0	0	0	0	0	0	0	
0	0	0	0	0	0	0	0	0	0	0	
0	0	0	0	0	0	0	0	0	0	0	
0	0	0	0	0	0	0	0	0	0	0	
0	0	0	0	0	0	0	0	0	0	0	
0	0	0	0	0	0	0	0	0	0	0	
0	0	0	0	0	0	0	0	0	0	0	
0	0	0	0	0	0	0	0	0	0	0	
0	0	0	0	0	0	0	0	0	0	0	
0	0	0	0	0	0	0	0	0	0	0	
0	0	0	0	0	0	0	0	0	0	0	
0	0	0	0	0	0	0	0	0	0	0	
0	0	0	0	0	0	0	0	0	0	0	
0	0	0	0	0	0	0	0	0	0	0	
0	0	0	0	0	0	0	0	0	0	0	
0	0	0	0	0	0	0	0	0	0	0	
0	0	0	0	0	0	0	0	0	0	0	
0	0	0	0	0	0	0	0	0	0	0	
0	0	0	0	0	0	0	0	0	0	0	
0	0	0	0	0	0	0	0	0	0	0	
0	0	0	0	0	0	0	0	0	0	0	
0	0	0	0	0	0	0	0	0	0	0	
0	0	0	0	0	0	0	0	0	0	0	
0	0	0	0	0	0	0	0	0	0	0	
0	0	0	0	0	0	0	0	0	0	0	
0	0	0	0	0	0	0	0	0	0	0	
0	0	0	0	0	0	0	0	0	0	0	
0	0	0	0	0	0	0	0	0	0	0	
0	0	0	0	0	0	0	0	0	0	0	
0	0	0	0	0	0	0	0	0	0	0	
0	0	0	0	0	0	0	0	0	0	0	
0	0	0	0	0	0	0	0	0	0	0	
0	0	0	0	0	0	0	0	0	0	0	
0	0	0	0	0	0	0	0	0	0	0	
0	0	0	0	0	0	0	0	0	0	0	
0	0	0	0	0	0	0	0	0	0	0	
0	0	0	0	0	0	0	0	0	0	0	
0	0	0	0	0	0	0	0	0	0	0	
0	0	0	0	0	0	0	0	0	0	0	
0	0	0	0	0	0	0	0	0	0	0	
-------------------------Number of TCAM Overflow occurence-----------------
4
7
9
11
11
12
15
15
18
19
21
22
25
25
27
29
29
29
29
27
24
29
28
26
27
28
27
27
29
27
27
26
28
26
27
29
26
27
26
27
27
26
27
27
28
25
26
27
29
26
27
26
5
0
0
0
0
0
0
0
0
0
0
0
0
0
0
0
0
0
0
0
0
0
0
0
0
0
0
0
0
0
0
0
0
0
0
0
0
0
0
0
0
0
0
0
0
0
0
0
0
0
0
0
0
0
0
0
0
0
