-------------------------Distribution of TCAM Usage------------------------
247	80	15	4	0	2	1	1	0	1	0	
74	196	56	14	6	2	3	1	0	1	0	
33	141	110	41	11	10	4	2	1	2	0	
28	77	120	68	31	13	6	7	2	1	0	
31	32	110	83	49	24	11	5	7	4	0	
32	11	81	92	58	39	17	11	5	4	0	
39	3	59	82	72	39	34	10	7	7	0	
43	3	36	70	83	39	36	26	7	9	0	
48	2	28	58	72	55	30	38	11	10	0	
53	1	11	56	67	59	37	30	27	10	0	
59	1	5	49	60	61	44	27	34	14	0	
62	1	4	38	62	57	44	26	31	29	0	
65	1	2	34	51	54	54	30	25	37	0	
69	1	2	29	46	51	55	36	26	27	0	
84	1	2	21	51	47	50	38	25	31	0	
91	1	2	15	47	51	47	43	24	29	0	
98	1	1	13	47	52	43	43	26	30	0	
101	1	1	14	39	49	46	48	26	29	0	
104	1	1	12	37	50	46	45	30	31	0	
104	1	1	10	40	46	48	46	30	37	0	
98	1	1	8	42	46	46	50	28	47	0	
88	1	1	8	41	47	49	48	26	50	0	
86	1	2	12	37	49	44	51	24	52	0	
85	1	2	10	41	43	52	47	25	52	0	
84	1	1	14	40	43	50	45	27	51	0	
85	1	1	13	39	42	52	47	25	43	0	
94	1	1	10	41	45	49	44	32	47	0	
87	1	1	14	36	43	58	38	31	48	0	
87	1	2	12	38	43	59	38	28	48	0	
88	1	2	11	39	44	54	42	27	52	0	
85	1	1	12	37	47	50	43	28	50	0	
88	1	1	13	35	46	51	46	27	43	0	
94	1	1	13	34	48	55	43	26	45	0	
91	1	2	11	37	45	54	47	24	45	0	
91	1	2	11	36	46	57	38	31	43	0	
92	1	1	13	34	47	55	39	30	41	0	
96	1	2	11	38	42	55	45	25	47	0	
91	1	2	9	39	48	50	45	25	46	0	
92	1	2	7	40	48	50	47	23	49	0	
90	1	1	9	40	46	51	47	24	46	0	
92	1	2	9	40	48	49	45	27	49	0	
87	1	2	9	41	49	50	42	26	41	0	
96	1	1	10	41	47	52	46	22	45	0	
92	1	2	9	37	50	48	50	25	40	0	
95	1	2	9	36	50	51	49	25	43	0	
91	1	1	9	40	47	52	47	27	37	0	
96	1	1	10	39	48	49	50	25	43	0	
91	1	2	8	40	46	54	49	21	41	0	
95	1	2	8	39	49	48	52	21	38	0	
99	1	1	9	41	47	49	49	23	45	0	
92	1	1	10	38	46	53	46	26	39	0	
97	1	1	10	44	41	56	45	23	49	0	
87	1	2	27	47	48	66	23	52	70	0	
7	0	0	0	0	0	0	0	0	0	0	
0	0	0	0	0	0	0	0	0	0	0	
0	0	0	0	0	0	0	0	0	0	0	
0	0	0	0	0	0	0	0	0	0	0	
0	0	0	0	0	0	0	0	0	0	0	
0	0	0	0	0	0	0	0	0	0	0	
0	0	0	0	0	0	0	0	0	0	0	
0	0	0	0	0	0	0	0	0	0	0	
0	0	0	0	0	0	0	0	0	0	0	
0	0	0	0	0	0	0	0	0	0	0	
0	0	0	0	0	0	0	0	0	0	0	
0	0	0	0	0	0	0	0	0	0	0	
0	0	0	0	0	0	0	0	0	0	0	
0	0	0	0	0	0	0	0	0	0	0	
0	0	0	0	0	0	0	0	0	0	0	
0	0	0	0	0	0	0	0	0	0	0	
0	0	0	0	0	0	0	0	0	0	0	
0	0	0	0	0	0	0	0	0	0	0	
0	0	0	0	0	0	0	0	0	0	0	
0	0	0	0	0	0	0	0	0	0	0	
0	0	0	0	0	0	0	0	0	0	0	
0	0	0	0	0	0	0	0	0	0	0	
0	0	0	0	0	0	0	0	0	0	0	
0	0	0	0	0	0	0	0	0	0	0	
0	0	0	0	0	0	0	0	0	0	0	
0	0	0	0	0	0	0	0	0	0	0	
0	0	0	0	0	0	0	0	0	0	0	
0	0	0	0	0	0	0	0	0	0	0	
0	0	0	0	0	0	0	0	0	0	0	
0	0	0	0	0	0	0	0	0	0	0	
0	0	0	0	0	0	0	0	0	0	0	
0	0	0	0	0	0	0	0	0	0	0	
0	0	0	0	0	0	0	0	0	0	0	
0	0	0	0	0	0	0	0	0	0	0	
0	0	0	0	0	0	0	0	0	0	0	
0	0	0	0	0	0	0	0	0	0	0	
0	0	0	0	0	0	0	0	0	0	0	
0	0	0	0	0	0	0	0	0	0	0	
0	0	0	0	0	0	0	0	0	0	0	
0	0	0	0	0	0	0	0	0	0	0	
0	0	0	0	0	0	0	0	0	0	0	
0	0	0	0	0	0	0	0	0	0	0	
0	0	0	0	0	0	0	0	0	0	0	
0	0	0	0	0	0	0	0	0	0	0	
0	0	0	0	0	0	0	0	0	0	0	
0	0	0	0	0	0	0	0	0	0	0	
0	0	0	0	0	0	0	0	0	0	0	
0	0	0	0	0	0	0	0	0	0	0	
0	0	0	0	0	0	0	0	0	0	0	
0	0	0	0	0	0	0	0	0	0	0	
0	0	0	0	0	0	0	0	0	0	0	
0	0	0	0	0	0	0	0	0	0	0	
0	0	0	0	0	0	0	0	0	0	0	
0	0	0	0	0	0	0	0	0	0	0	
0	0	0	0	0	0	0	0	0	0	0	
0	0	0	0	0	0	0	0	0	0	0	
0	0	0	0	0	0	0	0	0	0	0	
-------------------------Number of TCAM Overflow occurence-----------------
6
10
12
16
17
24
29
34
39
45
48
51
55
70
77
84
87
90
90
84
74
72
71
70
71
80
73
73
74
71
74
80
77
77
78
82
77
78
76
78
73
82
78
81
77
82
77
81
85
78
83
73
7
0
0
0
0
0
0
0
0
0
0
0
0
0
0
0
0
0
0
0
0
0
0
0
0
0
0
0
0
0
0
0
0
0
0
0
0
0
0
0
0
0
0
0
0
0
0
0
0
0
0
0
0
0
0
0
0
0
