-------------------------Distribution of TCAM Usage------------------------
347	2	0	1	1	-1	-1	-1	-1	-1	-1	
349	1	1	2	2	-1	-1	-1	-1	-1	-1	
345	4	-1	5	3	-1	-1	-1	-1	-1	-1	
345	3	0	5	5	-1	-1	-1	-1	-1	-1	
344	4	0	5	5	-1	-1	-1	-1	-1	-1	
342	4	1	6	5	-1	-1	-1	-1	-1	-1	
341	5	1	6	6	-1	-1	-1	-1	-1	-1	
339	5	2	7	6	-1	-1	-1	-1	-1	-1	
337	7	2	7	6	-1	-1	-1	-1	-1	-1	
334	10	1	8	7	-1	-1	-1	-1	-1	-1	
334	10	1	8	8	-1	-1	-1	-1	-1	-1	
329	15	0	9	8	-1	-1	-1	-1	-1	-1	
326	18	0	9	8	-1	-1	-1	-1	-1	-1	
323	21	-1	10	9	-1	-1	-1	-1	-1	-1	
323	20	0	10	9	-1	-1	-1	-1	-1	-1	
322	19	2	10	9	-1	-1	-1	-1	-1	-1	
323	19	1	10	9	-1	-1	-1	-1	-1	-1	
323	18	2	10	9	-1	-1	-1	-1	-1	-1	
321	20	2	10	9	-1	-1	-1	-1	-1	-1	
319	22	2	10	9	-1	-1	-1	-1	-1	-1	
319	23	1	10	9	-1	-1	-1	-1	-1	-1	
321	22	0	10	9	-1	-1	-1	-1	-1	-1	
322	20	1	10	9	-1	-1	-1	-1	-1	-1	
323	18	2	10	9	-1	-1	-1	-1	-1	-1	
322	19	2	10	9	-1	-1	-1	-1	-1	-1	
321	20	2	10	8	-1	-1	-1	-1	-1	-1	
321	20	2	10	10	-1	-1	-1	-1	-1	-1	
321	20	2	10	10	-1	-1	-1	-1	-1	-1	
320	21	2	10	9	-1	-1	-1	-1	-1	-1	
322	20	1	10	9	-1	-1	-1	-1	-1	-1	
322	20	1	10	9	-1	-1	-1	-1	-1	-1	
323	18	2	10	9	-1	-1	-1	-1	-1	-1	
323	18	2	10	8	-1	-1	-1	-1	-1	-1	
322	21	0	10	8	-1	-1	-1	-1	-1	-1	
322	21	0	10	8	-1	-1	-1	-1	-1	-1	
322	21	0	10	8	-1	-1	-1	-1	-1	-1	
323	19	1	10	9	-1	-1	-1	-1	-1	-1	
323	19	1	10	9	-1	-1	-1	-1	-1	-1	
323	19	1	10	9	-1	-1	-1	-1	-1	-1	
322	20	1	10	9	-1	-1	-1	-1	-1	-1	
321	21	1	10	8	-1	-1	-1	-1	-1	-1	
321	20	2	10	9	-1	-1	-1	-1	-1	-1	
322	19	2	10	9	-1	-1	-1	-1	-1	-1	
323	18	2	10	8	-1	-1	-1	-1	-1	-1	
323	18	2	10	10	-1	-1	-1	-1	-1	-1	
322	19	2	10	9	-1	-1	-1	-1	-1	-1	
322	20	1	10	9	-1	-1	-1	-1	-1	-1	
322	20	1	10	9	-1	-1	-1	-1	-1	-1	
322	21	0	10	8	-1	-1	-1	-1	-1	-1	
322	21	0	10	8	-1	-1	-1	-1	-1	-1	
321	21	1	10	8	-1	-1	-1	-1	-1	-1	
321	20	2	10	8	-1	-1	-1	-1	-1	-1	
326	17	0	10	4	-1	-1	-1	-1	-1	-1	
-1	-1	-1	-1	-1	-1	-1	-1	-1	-1	-1	
-1	-1	-1	-1	-1	-1	-1	-1	-1	-1	-1	
-1	-1	-1	-1	-1	-1	-1	-1	-1	-1	-1	
-1	-1	-1	-1	-1	-1	-1	-1	-1	-1	-1	
-1	-1	-1	-1	-1	-1	-1	-1	-1	-1	-1	
-1	-1	-1	-1	-1	-1	-1	-1	-1	-1	-1	
-1	-1	-1	-1	-1	-1	-1	-1	-1	-1	-1	
-1	-1	-1	-1	-1	-1	-1	-1	-1	-1	-1	
-1	-1	-1	-1	-1	-1	-1	-1	-1	-1	-1	
-1	-1	-1	-1	-1	-1	-1	-1	-1	-1	-1	
-1	-1	-1	-1	-1	-1	-1	-1	-1	-1	-1	
-1	-1	-1	-1	-1	-1	-1	-1	-1	-1	-1	
-1	-1	-1	-1	-1	-1	-1	-1	-1	-1	-1	
-1	-1	-1	-1	-1	-1	-1	-1	-1	-1	-1	
-1	-1	-1	-1	-1	-1	-1	-1	-1	-1	-1	
-1	-1	-1	-1	-1	-1	-1	-1	-1	-1	-1	
-1	-1	-1	-1	-1	-1	-1	-1	-1	-1	-1	
-1	-1	-1	-1	-1	-1	-1	-1	-1	-1	-1	
-1	-1	-1	-1	-1	-1	-1	-1	-1	-1	-1	
-1	-1	-1	-1	-1	-1	-1	-1	-1	-1	-1	
-1	-1	-1	-1	-1	-1	-1	-1	-1	-1	-1	
-1	-1	-1	-1	-1	-1	-1	-1	-1	-1	-1	
-1	-1	-1	-1	-1	-1	-1	-1	-1	-1	-1	
-1	-1	-1	-1	-1	-1	-1	-1	-1	-1	-1	
-1	-1	-1	-1	-1	-1	-1	-1	-1	-1	-1	
-1	-1	-1	-1	-1	-1	-1	-1	-1	-1	-1	
-1	-1	-1	-1	-1	-1	-1	-1	-1	-1	-1	
-1	-1	-1	-1	-1	-1	-1	-1	-1	-1	-1	
-1	-1	-1	-1	-1	-1	-1	-1	-1	-1	-1	
-1	-1	-1	-1	-1	-1	-1	-1	-1	-1	-1	
-1	-1	-1	-1	-1	-1	-1	-1	-1	-1	-1	
-1	-1	-1	-1	-1	-1	-1	-1	-1	-1	-1	
-1	-1	-1	-1	-1	-1	-1	-1	-1	-1	-1	
-1	-1	-1	-1	-1	-1	-1	-1	-1	-1	-1	
-1	-1	-1	-1	-1	-1	-1	-1	-1	-1	-1	
-1	-1	-1	-1	-1	-1	-1	-1	-1	-1	-1	
-1	-1	-1	-1	-1	-1	-1	-1	-1	-1	-1	
-1	-1	-1	-1	-1	-1	-1	-1	-1	-1	-1	
-1	-1	-1	-1	-1	-1	-1	-1	-1	-1	-1	
-1	-1	-1	-1	-1	-1	-1	-1	-1	-1	-1	
-1	-1	-1	-1	-1	-1	-1	-1	-1	-1	-1	
-1	-1	-1	-1	-1	-1	-1	-1	-1	-1	-1	
-1	-1	-1	-1	-1	-1	-1	-1	-1	-1	-1	
-1	-1	-1	-1	-1	-1	-1	-1	-1	-1	-1	
-1	-1	-1	-1	-1	-1	-1	-1	-1	-1	-1	
-1	-1	-1	-1	-1	-1	-1	-1	-1	-1	-1	
-1	-1	-1	-1	-1	-1	-1	-1	-1	-1	-1	
-1	-1	-1	-1	-1	-1	-1	-1	-1	-1	-1	
-1	-1	-1	-1	-1	-1	-1	-1	-1	-1	-1	
-1	-1	-1	-1	-1	-1	-1	-1	-1	-1	-1	
-1	-1	-1	-1	-1	-1	-1	-1	-1	-1	-1	
-1	-1	-1	-1	-1	-1	-1	-1	-1	-1	-1	
-1	-1	-1	-1	-1	-1	-1	-1	-1	-1	-1	
-1	-1	-1	-1	-1	-1	-1	-1	-1	-1	-1	
-1	-1	-1	-1	-1	-1	-1	-1	-1	-1	-1	
-1	-1	-1	-1	-1	-1	-1	-1	-1	-1	-1	
-1	-1	-1	-1	-1	-1	-1	-1	-1	-1	-1	
-------------------------Number of TCAM Overflow occurence-----------------
1
2
3
5
5
5
6
6
6
7
8
8
8
9
9
9
9
9
9
9
9
9
9
9
9
8
10
10
9
9
9
9
8
8
8
8
9
9
9
9
8
9
9
8
10
9
9
9
8
8
8
8
4
-1
-1
-1
-1
-1
-1
-1
-1
-1
-1
-1
-1
-1
-1
-1
-1
-1
-1
-1
-1
-1
-1
-1
-1
-1
-1
-1
-1
-1
-1
-1
-1
-1
-1
-1
-1
-1
-1
-1
-1
-1
-1
-1
-1
-1
-1
-1
-1
-1
-1
-1
-1
-1
-1
-1
-1
-1
