-------------------------Distribution of TCAM Usage------------------------
340	5	4	1	0	2	1	0	0	0	0	
321	24	3	2	2	0	1	0	0	1	0	
295	43	10	2	2	0	2	0	1	0	0	
245	86	16	3	1	2	0	1	1	0	0	
187	136	19	8	3	0	2	0	0	2	0	
142	172	24	10	3	2	0	2	0	0	0	
101	201	31	14	4	2	2	0	2	0	0	
88	192	49	13	9	2	1	1	0	2	0	
63	191	69	17	8	4	1	2	0	0	0	
52	187	82	18	11	2	3	1	1	0	0	
44	181	93	16	9	8	1	2	2	0	0	
38	175	99	21	9	7	3	2	1	1	0	
32	170	100	30	10	8	2	1	2	2	0	
29	164	100	34	15	6	4	1	2	1	0	
29	157	99	40	16	7	5	1	0	3	0	
29	142	110	43	15	6	7	2	0	3	0	
29	135	111	49	15	6	7	2	0	3	0	
29	132	111	51	15	8	6	2	0	3	0	
29	127	115	50	17	6	8	1	1	2	0	
30	119	122	52	14	8	7	2	1	2	0	
30	119	119	53	16	9	7	1	1	3	0	
29	119	118	54	16	8	8	2	0	3	0	
29	123	115	53	16	8	6	4	0	3	0	
29	124	113	54	16	8	8	1	1	4	0	
28	128	108	54	16	10	6	3	1	2	0	
29	120	117	54	15	9	7	3	1	2	0	
29	121	118	52	16	9	6	3	1	3	0	
28	125	115	51	17	7	7	2	2	3	0	
28	126	114	53	14	8	7	2	2	3	0	
28	125	112	56	14	9	5	3	2	3	0	
29	125	110	57	14	8	7	2	2	2	0	
29	127	109	57	14	8	8	1	2	2	0	
29	125	112	55	15	9	6	2	2	2	0	
30	125	112	54	15	9	6	2	2	3	0	
29	125	111	56	13	9	7	2	2	3	0	
29	124	113	55	13	9	8	2	1	3	0	
28	124	114	55	14	8	8	2	1	3	0	
27	126	114	54	13	9	7	3	1	3	0	
27	126	115	53	14	9	5	4	1	3	0	
28	122	117	54	13	10	5	4	1	3	0	
28	120	118	56	12	10	6	3	1	3	0	
28	120	118	56	11	11	5	4	1	2	0	
29	120	119	53	12	12	6	3	1	2	0	
29	121	116	53	14	12	6	3	1	1	0	
30	126	113	51	14	11	7	3	1	1	0	
31	121	113	56	13	11	6	4	1	2	0	
30	122	113	56	13	10	7	3	1	2	0	
30	125	109	58	14	8	7	3	1	2	0	
29	124	109	59	14	10	6	3	1	2	0	
29	120	115	55	16	9	7	2	2	2	0	
29	118	115	59	14	10	6	2	2	2	0	
28	122	114	58	13	9	7	2	2	2	0	
31	146	113	38	11	10	3	2	4	8	0	
3	0	0	0	0	0	0	0	0	0	0	
0	0	0	0	0	0	0	0	0	0	0	
0	0	0	0	0	0	0	0	0	0	0	
0	0	0	0	0	0	0	0	0	0	0	
0	0	0	0	0	0	0	0	0	0	0	
0	0	0	0	0	0	0	0	0	0	0	
0	0	0	0	0	0	0	0	0	0	0	
0	0	0	0	0	0	0	0	0	0	0	
0	0	0	0	0	0	0	0	0	0	0	
0	0	0	0	0	0	0	0	0	0	0	
0	0	0	0	0	0	0	0	0	0	0	
0	0	0	0	0	0	0	0	0	0	0	
0	0	0	0	0	0	0	0	0	0	0	
0	0	0	0	0	0	0	0	0	0	0	
0	0	0	0	0	0	0	0	0	0	0	
0	0	0	0	0	0	0	0	0	0	0	
0	0	0	0	0	0	0	0	0	0	0	
0	0	0	0	0	0	0	0	0	0	0	
0	0	0	0	0	0	0	0	0	0	0	
0	0	0	0	0	0	0	0	0	0	0	
0	0	0	0	0	0	0	0	0	0	0	
0	0	0	0	0	0	0	0	0	0	0	
0	0	0	0	0	0	0	0	0	0	0	
0	0	0	0	0	0	0	0	0	0	0	
0	0	0	0	0	0	0	0	0	0	0	
0	0	0	0	0	0	0	0	0	0	0	
0	0	0	0	0	0	0	0	0	0	0	
0	0	0	0	0	0	0	0	0	0	0	
0	0	0	0	0	0	0	0	0	0	0	
0	0	0	0	0	0	0	0	0	0	0	
0	0	0	0	0	0	0	0	0	0	0	
0	0	0	0	0	0	0	0	0	0	0	
0	0	0	0	0	0	0	0	0	0	0	
0	0	0	0	0	0	0	0	0	0	0	
0	0	0	0	0	0	0	0	0	0	0	
0	0	0	0	0	0	0	0	0	0	0	
0	0	0	0	0	0	0	0	0	0	0	
0	0	0	0	0	0	0	0	0	0	0	
0	0	0	0	0	0	0	0	0	0	0	
0	0	0	0	0	0	0	0	0	0	0	
0	0	0	0	0	0	0	0	0	0	0	
0	0	0	0	0	0	0	0	0	0	0	
0	0	0	0	0	0	0	0	0	0	0	
0	0	0	0	0	0	0	0	0	0	0	
0	0	0	0	0	0	0	0	0	0	0	
0	0	0	0	0	0	0	0	0	0	0	
0	0	0	0	0	0	0	0	0	0	0	
0	0	0	0	0	0	0	0	0	0	0	
0	0	0	0	0	0	0	0	0	0	0	
0	0	0	0	0	0	0	0	0	0	0	
0	0	0	0	0	0	0	0	0	0	0	
0	0	0	0	0	0	0	0	0	0	0	
0	0	0	0	0	0	0	0	0	0	0	
0	0	0	0	0	0	0	0	0	0	0	
0	0	0	0	0	0	0	0	0	0	0	
0	0	0	0	0	0	0	0	0	0	0	
0	0	0	0	0	0	0	0	0	0	0	
-------------------------Number of TCAM Overflow occurence-----------------
3
5
6
7
7
9
9
9
11
11
11
11
11
12
12
12
12
12
13
13
12
12
12
11
12
12
11
11
11
11
12
12
12
11
11
11
11
11
11
11
11
12
12
13
13
12
12
12
12
12
12
12
3
0
0
0
0
0
0
0
0
0
0
0
0
0
0
0
0
0
0
0
0
0
0
0
0
0
0
0
0
0
0
0
0
0
0
0
0
0
0
0
0
0
0
0
0
0
0
0
0
0
0
0
0
0
0
0
0
0
