-------------------------Distribution of TCAM Usage------------------------
345	2	1	3	2	-1	-1	-1	-1	-1	-1	
342	3	1	6	5	-1	-1	-1	-1	-1	-1	
333	10	1	8	6	-1	-1	-1	-1	-1	-1	
326	17	0	10	8	-1	-1	-1	-1	-1	-1	
316	25	2	10	10	-1	-1	-1	-1	-1	-1	
308	32	2	11	10	-1	-1	-1	-1	-1	-1	
290	46	4	13	11	-1	-1	-1	-1	-1	-1	
270	62	7	14	13	-1	-1	-1	-1	-1	-1	
247	82	10	14	14	-1	-1	-1	-1	-1	-1	
229	97	11	16	14	-1	-1	-1	-1	-1	-1	
211	112	12	18	14	-1	-1	-1	-1	-1	-1	
199	122	14	18	16	-1	-1	-1	-1	-1	-1	
183	135	14	21	18	-1	-1	-1	-1	-1	-1	
177	139	13	24	18	-1	-1	-1	-1	-1	-1	
164	149	14	26	18	-1	-1	-1	-1	-1	-1	
154	154	18	27	20	-1	-1	-1	-1	-1	-1	
145	162	18	28	21	-1	-1	-1	-1	-1	-1	
144	163	18	28	20	-1	-1	-1	-1	-1	-1	
140	166	19	28	21	-1	-1	-1	-1	-1	-1	
142	164	19	28	21	-1	-1	-1	-1	-1	-1	
139	167	19	28	21	-1	-1	-1	-1	-1	-1	
144	163	17	29	20	-1	-1	-1	-1	-1	-1	
144	163	18	28	19	-1	-1	-1	-1	-1	-1	
140	166	19	28	20	-1	-1	-1	-1	-1	-1	
138	168	19	28	18	-1	-1	-1	-1	-1	-1	
138	168	19	28	20	-1	-1	-1	-1	-1	-1	
141	166	19	27	19	-1	-1	-1	-1	-1	-1	
139	168	19	27	19	-1	-1	-1	-1	-1	-1	
139	169	17	28	18	-1	-1	-1	-1	-1	-1	
139	168	19	27	21	-1	-1	-1	-1	-1	-1	
140	168	18	27	20	-1	-1	-1	-1	-1	-1	
139	169	18	27	20	-1	-1	-1	-1	-1	-1	
137	170	18	28	19	-1	-1	-1	-1	-1	-1	
137	170	18	28	20	-1	-1	-1	-1	-1	-1	
140	168	17	28	19	-1	-1	-1	-1	-1	-1	
141	167	17	28	20	-1	-1	-1	-1	-1	-1	
137	171	17	28	20	-1	-1	-1	-1	-1	-1	
138	170	18	27	19	-1	-1	-1	-1	-1	-1	
143	165	18	27	18	-1	-1	-1	-1	-1	-1	
137	171	19	26	19	-1	-1	-1	-1	-1	-1	
136	172	20	25	18	-1	-1	-1	-1	-1	-1	
140	169	17	27	17	-1	-1	-1	-1	-1	-1	
137	172	18	26	19	-1	-1	-1	-1	-1	-1	
136	175	16	26	18	-1	-1	-1	-1	-1	-1	
138	170	19	26	22	-1	-1	-1	-1	-1	-1	
139	170	19	25	19	-1	-1	-1	-1	-1	-1	
143	167	18	25	20	-1	-1	-1	-1	-1	-1	
138	170	19	26	20	-1	-1	-1	-1	-1	-1	
139	170	18	26	20	-1	-1	-1	-1	-1	-1	
138	171	17	27	19	-1	-1	-1	-1	-1	-1	
136	172	18	27	22	-1	-1	-1	-1	-1	-1	
146	163	17	27	17	-1	-1	-1	-1	-1	-1	
181	137	19	16	3	-1	-1	-1	-1	-1	-1	
-1	-1	-1	-1	-1	-1	-1	-1	-1	-1	-1	
-1	-1	-1	-1	-1	-1	-1	-1	-1	-1	-1	
-1	-1	-1	-1	-1	-1	-1	-1	-1	-1	-1	
-1	-1	-1	-1	-1	-1	-1	-1	-1	-1	-1	
-1	-1	-1	-1	-1	-1	-1	-1	-1	-1	-1	
-1	-1	-1	-1	-1	-1	-1	-1	-1	-1	-1	
-1	-1	-1	-1	-1	-1	-1	-1	-1	-1	-1	
-1	-1	-1	-1	-1	-1	-1	-1	-1	-1	-1	
-1	-1	-1	-1	-1	-1	-1	-1	-1	-1	-1	
-1	-1	-1	-1	-1	-1	-1	-1	-1	-1	-1	
-1	-1	-1	-1	-1	-1	-1	-1	-1	-1	-1	
-1	-1	-1	-1	-1	-1	-1	-1	-1	-1	-1	
-1	-1	-1	-1	-1	-1	-1	-1	-1	-1	-1	
-1	-1	-1	-1	-1	-1	-1	-1	-1	-1	-1	
-1	-1	-1	-1	-1	-1	-1	-1	-1	-1	-1	
-1	-1	-1	-1	-1	-1	-1	-1	-1	-1	-1	
-1	-1	-1	-1	-1	-1	-1	-1	-1	-1	-1	
-1	-1	-1	-1	-1	-1	-1	-1	-1	-1	-1	
-1	-1	-1	-1	-1	-1	-1	-1	-1	-1	-1	
-1	-1	-1	-1	-1	-1	-1	-1	-1	-1	-1	
-1	-1	-1	-1	-1	-1	-1	-1	-1	-1	-1	
-1	-1	-1	-1	-1	-1	-1	-1	-1	-1	-1	
-1	-1	-1	-1	-1	-1	-1	-1	-1	-1	-1	
-1	-1	-1	-1	-1	-1	-1	-1	-1	-1	-1	
-1	-1	-1	-1	-1	-1	-1	-1	-1	-1	-1	
-1	-1	-1	-1	-1	-1	-1	-1	-1	-1	-1	
-1	-1	-1	-1	-1	-1	-1	-1	-1	-1	-1	
-1	-1	-1	-1	-1	-1	-1	-1	-1	-1	-1	
-1	-1	-1	-1	-1	-1	-1	-1	-1	-1	-1	
-1	-1	-1	-1	-1	-1	-1	-1	-1	-1	-1	
-1	-1	-1	-1	-1	-1	-1	-1	-1	-1	-1	
-1	-1	-1	-1	-1	-1	-1	-1	-1	-1	-1	
-1	-1	-1	-1	-1	-1	-1	-1	-1	-1	-1	
-1	-1	-1	-1	-1	-1	-1	-1	-1	-1	-1	
-1	-1	-1	-1	-1	-1	-1	-1	-1	-1	-1	
-1	-1	-1	-1	-1	-1	-1	-1	-1	-1	-1	
-1	-1	-1	-1	-1	-1	-1	-1	-1	-1	-1	
-1	-1	-1	-1	-1	-1	-1	-1	-1	-1	-1	
-1	-1	-1	-1	-1	-1	-1	-1	-1	-1	-1	
-1	-1	-1	-1	-1	-1	-1	-1	-1	-1	-1	
-1	-1	-1	-1	-1	-1	-1	-1	-1	-1	-1	
-1	-1	-1	-1	-1	-1	-1	-1	-1	-1	-1	
-1	-1	-1	-1	-1	-1	-1	-1	-1	-1	-1	
-1	-1	-1	-1	-1	-1	-1	-1	-1	-1	-1	
-1	-1	-1	-1	-1	-1	-1	-1	-1	-1	-1	
-1	-1	-1	-1	-1	-1	-1	-1	-1	-1	-1	
-1	-1	-1	-1	-1	-1	-1	-1	-1	-1	-1	
-1	-1	-1	-1	-1	-1	-1	-1	-1	-1	-1	
-1	-1	-1	-1	-1	-1	-1	-1	-1	-1	-1	
-1	-1	-1	-1	-1	-1	-1	-1	-1	-1	-1	
-1	-1	-1	-1	-1	-1	-1	-1	-1	-1	-1	
-1	-1	-1	-1	-1	-1	-1	-1	-1	-1	-1	
-1	-1	-1	-1	-1	-1	-1	-1	-1	-1	-1	
-1	-1	-1	-1	-1	-1	-1	-1	-1	-1	-1	
-1	-1	-1	-1	-1	-1	-1	-1	-1	-1	-1	
-1	-1	-1	-1	-1	-1	-1	-1	-1	-1	-1	
-1	-1	-1	-1	-1	-1	-1	-1	-1	-1	-1	
-------------------------Number of TCAM Overflow occurence-----------------
2
5
6
8
10
10
11
13
14
14
14
16
18
18
18
20
21
20
21
21
21
20
19
20
18
20
19
19
18
21
20
20
19
20
19
20
20
19
18
19
18
17
19
18
22
19
20
20
20
19
22
17
3
-1
-1
-1
-1
-1
-1
-1
-1
-1
-1
-1
-1
-1
-1
-1
-1
-1
-1
-1
-1
-1
-1
-1
-1
-1
-1
-1
-1
-1
-1
-1
-1
-1
-1
-1
-1
-1
-1
-1
-1
-1
-1
-1
-1
-1
-1
-1
-1
-1
-1
-1
-1
-1
-1
-1
-1
-1
