-------------------------Distribution of TCAM Usage------------------------
252	-1	-1	-1	-1	-1	-1	-1	-1	-1	-1	
181	70	-1	-1	-1	-1	-1	-1	-1	-1	-1	
102	139	9	-1	-1	-1	-1	-1	-1	-1	-1	
50	161	32	4	-1	-1	-1	-1	-1	-1	-1	
25	154	60	0	-1	-1	-1	-1	-1	-1	-1	
8	146	64	19	-1	-1	-1	-1	-1	-1	-1	
-1	136	59	30	-1	-1	-1	-1	-1	-1	-1	
-1	121	64	23	-1	-1	-1	-1	-1	-1	-1	
-1	113	70	13	-1	-1	-1	-1	-1	-1	-1	
-1	108	72	13	-1	-1	-1	-1	-1	-1	-1	
-1	106	75	13	-1	-1	-1	-1	-1	-1	-1	
-1	106	71	17	-1	-1	-1	-1	-1	-1	-1	
-1	107	72	17	-1	-1	-1	-1	-1	-1	-1	
-1	104	75	16	-1	-1	-1	-1	-1	-1	-1	
-1	107	71	16	-1	-1	-1	-1	-1	-1	-1	
-1	106	70	19	-1	-1	-1	-1	-1	-1	-1	
-1	107	71	14	-1	-1	-1	-1	-1	-1	-1	
-1	109	67	17	-1	-1	-1	-1	-1	-1	-1	
-1	108	67	18	-1	-1	-1	-1	-1	-1	-1	
-1	109	67	17	-1	-1	-1	-1	-1	-1	-1	
-1	107	67	21	-1	-1	-1	-1	-1	-1	-1	
-1	106	70	18	-1	-1	-1	-1	-1	-1	-1	
-1	106	71	16	-1	-1	-1	-1	-1	-1	-1	
-1	105	73	16	-1	-1	-1	-1	-1	-1	-1	
-1	104	73	18	-1	-1	-1	-1	-1	-1	-1	
-1	106	69	20	-1	-1	-1	-1	-1	-1	-1	
-1	104	71	21	-1	-1	-1	-1	-1	-1	-1	
-1	104	72	19	-1	-1	-1	-1	-1	-1	-1	
-1	103	73	20	-1	-1	-1	-1	-1	-1	-1	
-1	101	72	23	-1	-1	-1	-1	-1	-1	-1	
-1	106	69	21	-1	-1	-1	-1	-1	-1	-1	
-1	102	72	20	-1	-1	-1	-1	-1	-1	-1	
-1	101	76	16	-1	-1	-1	-1	-1	-1	-1	
-1	104	73	17	-1	-1	-1	-1	-1	-1	-1	
-1	105	72	17	-1	-1	-1	-1	-1	-1	-1	
-1	103	75	18	-1	-1	-1	-1	-1	-1	-1	
-1	99	77	15	-1	-1	-1	-1	-1	-1	-1	
-1	101	75	19	-1	-1	-1	-1	-1	-1	-1	
-1	106	71	18	-1	-1	-1	-1	-1	-1	-1	
-1	103	76	15	-1	-1	-1	-1	-1	-1	-1	
-1	105	70	19	-1	-1	-1	-1	-1	-1	-1	
-1	103	72	20	-1	-1	-1	-1	-1	-1	-1	
-1	101	76	18	-1	-1	-1	-1	-1	-1	-1	
-1	103	73	14	-1	-1	-1	-1	-1	-1	-1	
-1	102	73	17	-1	-1	-1	-1	-1	-1	-1	
-1	103	72	16	-1	-1	-1	-1	-1	-1	-1	
-1	106	67	18	-1	-1	-1	-1	-1	-1	-1	
-1	106	68	16	-1	-1	-1	-1	-1	-1	-1	
-1	110	66	13	-1	-1	-1	-1	-1	-1	-1	
-1	106	68	17	-1	-1	-1	-1	-1	-1	-1	
-1	107	67	20	-1	-1	-1	-1	-1	-1	-1	
-1	109	65	18	-1	-1	-1	-1	-1	-1	-1	
-1	106	70	17	-1	-1	-1	-1	-1	-1	-1	
-1	104	71	18	-1	-1	-1	-1	-1	-1	-1	
-1	104	73	17	-1	-1	-1	-1	-1	-1	-1	
-1	105	72	15	-1	-1	-1	-1	-1	-1	-1	
-1	103	72	19	-1	-1	-1	-1	-1	-1	-1	
-1	106	73	13	-1	-1	-1	-1	-1	-1	-1	
-1	100	77	17	-1	-1	-1	-1	-1	-1	-1	
-1	103	74	18	-1	-1	-1	-1	-1	-1	-1	
-1	99	75	19	-1	-1	-1	-1	-1	-1	-1	
-1	99	75	19	-1	-1	-1	-1	-1	-1	-1	
-1	102	71	21	-1	-1	-1	-1	-1	-1	-1	
-1	102	73	17	-1	-1	-1	-1	-1	-1	-1	
-1	102	74	15	-1	-1	-1	-1	-1	-1	-1	
-1	103	71	20	-1	-1	-1	-1	-1	-1	-1	
-1	105	70	20	-1	-1	-1	-1	-1	-1	-1	
-1	106	67	21	-1	-1	-1	-1	-1	-1	-1	
-1	106	67	21	-1	-1	-1	-1	-1	-1	-1	
-1	108	65	21	-1	-1	-1	-1	-1	-1	-1	
-1	106	68	20	-1	-1	-1	-1	-1	-1	-1	
-1	104	70	19	-1	-1	-1	-1	-1	-1	-1	
-1	105	71	17	-1	-1	-1	-1	-1	-1	-1	
-1	105	69	22	-1	-1	-1	-1	-1	-1	-1	
-1	105	69	21	-1	-1	-1	-1	-1	-1	-1	
-1	103	71	19	-1	-1	-1	-1	-1	-1	-1	
-1	107	66	22	-1	-1	-1	-1	-1	-1	-1	
-1	106	69	16	-1	-1	-1	-1	-1	-1	-1	
-1	106	68	20	-1	-1	-1	-1	-1	-1	-1	
-1	104	71	20	-1	-1	-1	-1	-1	-1	-1	
-1	107	70	17	-1	-1	-1	-1	-1	-1	-1	
-1	105	70	18	-1	-1	-1	-1	-1	-1	-1	
-1	104	71	21	-1	-1	-1	-1	-1	-1	-1	
-1	100	76	17	-1	-1	-1	-1	-1	-1	-1	
-1	100	78	15	-1	-1	-1	-1	-1	-1	-1	
-1	101	74	19	-1	-1	-1	-1	-1	-1	-1	
-1	101	78	17	-1	-1	-1	-1	-1	-1	-1	
-1	103	76	15	-1	-1	-1	-1	-1	-1	-1	
-1	104	73	16	-1	-1	-1	-1	-1	-1	-1	
-1	104	72	17	-1	-1	-1	-1	-1	-1	-1	
-1	104	72	20	-1	-1	-1	-1	-1	-1	-1	
-1	102	74	17	-1	-1	-1	-1	-1	-1	-1	
-1	105	71	18	-1	-1	-1	-1	-1	-1	-1	
-1	105	71	15	-1	-1	-1	-1	-1	-1	-1	
-1	104	73	14	-1	-1	-1	-1	-1	-1	-1	
-1	107	68	16	-1	-1	-1	-1	-1	-1	-1	
-1	103	73	15	-1	-1	-1	-1	-1	-1	-1	
-1	103	74	16	-1	-1	-1	-1	-1	-1	-1	
-1	101	76	15	-1	-1	-1	-1	-1	-1	-1	
-1	106	72	14	-1	-1	-1	-1	-1	-1	-1	
-1	108	66	18	-1	-1	-1	-1	-1	-1	-1	
-1	106	68	17	-1	-1	-1	-1	-1	-1	-1	
-1	105	69	17	-1	-1	-1	-1	-1	-1	-1	
-1	112	65	20	-1	-1	-1	-1	-1	-1	-1	
9	147	58	13	-1	-1	-1	-1	-1	-1	-1	
-1	-1	-1	-1	-1	-1	-1	-1	-1	-1	-1	
-1	-1	-1	-1	-1	-1	-1	-1	-1	-1	-1	
-1	-1	-1	-1	-1	-1	-1	-1	-1	-1	-1	
-1	-1	-1	-1	-1	-1	-1	-1	-1	-1	-1	
-1	-1	-1	-1	-1	-1	-1	-1	-1	-1	-1	
-------------------------Number of TCAM Overflow occurence-----------------
-1
-1
-1
-1
-1
-1
-1
-1
-1
-1
-1
-1
-1
-1
-1
-1
-1
-1
-1
-1
-1
-1
-1
-1
-1
-1
-1
-1
-1
-1
-1
-1
-1
-1
-1
-1
-1
-1
-1
-1
-1
-1
-1
-1
-1
-1
-1
-1
-1
-1
-1
-1
-1
-1
-1
-1
-1
-1
-1
-1
-1
-1
-1
-1
-1
-1
-1
-1
-1
-1
-1
-1
-1
-1
-1
-1
-1
-1
-1
-1
-1
-1
-1
-1
-1
-1
-1
-1
-1
-1
-1
-1
-1
-1
-1
-1
-1
-1
-1
-1
-1
-1
-1
-1
-1
-1
-1
-1
-1
-1
