-------------------------Distribution of TCAM Usage------------------------
328	5	3	-1	-1	-1	-1	-1	-1	-1	-1	
313	18	3	-1	-1	-1	-1	-1	-1	-1	-1	
297	29	6	0	-1	-1	-1	-1	-1	-1	-1	
272	46	10	0	-1	-1	-1	-1	-1	-1	-1	
232	82	7	3	-1	-1	-1	-1	-1	-1	-1	
202	109	10	1	-1	-1	-1	-1	-1	-1	-1	
171	138	7	5	-1	-1	-1	-1	-1	-1	-1	
156	151	9	1	-1	-1	-1	-1	-1	-1	-1	
133	172	10	2	-1	-1	-1	-1	-1	-1	-1	
124	176	14	3	-1	-1	-1	-1	-1	-1	-1	
117	185	10	2	-1	-1	-1	-1	-1	-1	-1	
126	174	11	5	-1	-1	-1	-1	-1	-1	-1	
124	178	12	2	-1	-1	-1	-1	-1	-1	-1	
131	172	11	3	-1	-1	-1	-1	-1	-1	-1	
132	171	11	1	-1	-1	-1	-1	-1	-1	-1	
133	168	12	1	-1	-1	-1	-1	-1	-1	-1	
130	172	11	3	-1	-1	-1	-1	-1	-1	-1	
131	170	14	2	-1	-1	-1	-1	-1	-1	-1	
134	166	14	3	-1	-1	-1	-1	-1	-1	-1	
140	163	10	3	-1	-1	-1	-1	-1	-1	-1	
134	170	9	2	-1	-1	-1	-1	-1	-1	-1	
136	168	8	2	-1	-1	-1	-1	-1	-1	-1	
127	177	8	2	-1	-1	-1	-1	-1	-1	-1	
125	175	11	4	-1	-1	-1	-1	-1	-1	-1	
132	171	7	3	-1	-1	-1	-1	-1	-1	-1	
128	175	6	5	-1	-1	-1	-1	-1	-1	-1	
132	170	9	3	-1	-1	-1	-1	-1	-1	-1	
131	172	7	5	-1	-1	-1	-1	-1	-1	-1	
133	170	8	5	-1	-1	-1	-1	-1	-1	-1	
131	174	6	5	-1	-1	-1	-1	-1	-1	-1	
130	170	12	4	-1	-1	-1	-1	-1	-1	-1	
130	170	12	4	-1	-1	-1	-1	-1	-1	-1	
124	178	11	2	-1	-1	-1	-1	-1	-1	-1	
129	172	13	2	-1	-1	-1	-1	-1	-1	-1	
124	180	9	4	-1	-1	-1	-1	-1	-1	-1	
125	178	9	4	-1	-1	-1	-1	-1	-1	-1	
121	180	10	4	-1	-1	-1	-1	-1	-1	-1	
115	184	11	3	-1	-1	-1	-1	-1	-1	-1	
128	174	8	4	-1	-1	-1	-1	-1	-1	-1	
128	175	8	4	-1	-1	-1	-1	-1	-1	-1	
133	173	7	1	-1	-1	-1	-1	-1	-1	-1	
123	179	8	5	-1	-1	-1	-1	-1	-1	-1	
119	182	9	4	-1	-1	-1	-1	-1	-1	-1	
126	177	6	6	-1	-1	-1	-1	-1	-1	-1	
123	184	5	7	-1	-1	-1	-1	-1	-1	-1	
126	178	11	5	-1	-1	-1	-1	-1	-1	-1	
122	183	10	4	-1	-1	-1	-1	-1	-1	-1	
127	178	9	3	-1	-1	-1	-1	-1	-1	-1	
117	187	11	2	-1	-1	-1	-1	-1	-1	-1	
117	186	14	1	-1	-1	-1	-1	-1	-1	-1	
124	180	12	1	-1	-1	-1	-1	-1	-1	-1	
119	188	7	3	-1	-1	-1	-1	-1	-1	-1	
125	179	9	3	-1	-1	-1	-1	-1	-1	-1	
125	180	8	3	-1	-1	-1	-1	-1	-1	-1	
122	178	11	4	-1	-1	-1	-1	-1	-1	-1	
122	178	10	4	-1	-1	-1	-1	-1	-1	-1	
123	177	13	2	-1	-1	-1	-1	-1	-1	-1	
121	180	13	1	-1	-1	-1	-1	-1	-1	-1	
125	178	12	1	-1	-1	-1	-1	-1	-1	-1	
126	177	12	3	-1	-1	-1	-1	-1	-1	-1	
124	179	10	3	-1	-1	-1	-1	-1	-1	-1	
126	174	13	2	-1	-1	-1	-1	-1	-1	-1	
125	176	11	1	-1	-1	-1	-1	-1	-1	-1	
125	180	7	3	-1	-1	-1	-1	-1	-1	-1	
126	177	10	3	-1	-1	-1	-1	-1	-1	-1	
126	176	11	3	-1	-1	-1	-1	-1	-1	-1	
128	173	12	3	-1	-1	-1	-1	-1	-1	-1	
125	177	11	2	-1	-1	-1	-1	-1	-1	-1	
126	179	8	3	-1	-1	-1	-1	-1	-1	-1	
128	178	8	2	-1	-1	-1	-1	-1	-1	-1	
128	177	9	1	-1	-1	-1	-1	-1	-1	-1	
127	179	8	3	-1	-1	-1	-1	-1	-1	-1	
131	173	10	2	-1	-1	-1	-1	-1	-1	-1	
129	174	9	3	-1	-1	-1	-1	-1	-1	-1	
134	170	10	3	-1	-1	-1	-1	-1	-1	-1	
144	158	12	5	-1	-1	-1	-1	-1	-1	-1	
132	169	13	3	-1	-1	-1	-1	-1	-1	-1	
134	170	11	1	-1	-1	-1	-1	-1	-1	-1	
130	175	8	2	-1	-1	-1	-1	-1	-1	-1	
130	174	10	0	-1	-1	-1	-1	-1	-1	-1	
136	166	10	3	-1	-1	-1	-1	-1	-1	-1	
131	173	8	4	-1	-1	-1	-1	-1	-1	-1	
133	173	5	5	-1	-1	-1	-1	-1	-1	-1	
134	170	9	4	-1	-1	-1	-1	-1	-1	-1	
124	179	10	3	-1	-1	-1	-1	-1	-1	-1	
125	180	8	4	-1	-1	-1	-1	-1	-1	-1	
126	180	8	3	-1	-1	-1	-1	-1	-1	-1	
127	180	7	5	-1	-1	-1	-1	-1	-1	-1	
127	180	9	2	-1	-1	-1	-1	-1	-1	-1	
123	181	10	3	-1	-1	-1	-1	-1	-1	-1	
135	168	12	2	-1	-1	-1	-1	-1	-1	-1	
137	167	10	4	-1	-1	-1	-1	-1	-1	-1	
135	167	14	4	-1	-1	-1	-1	-1	-1	-1	
142	161	10	5	-1	-1	-1	-1	-1	-1	-1	
137	165	12	4	-1	-1	-1	-1	-1	-1	-1	
136	165	10	4	-1	-1	-1	-1	-1	-1	-1	
135	165	12	4	-1	-1	-1	-1	-1	-1	-1	
137	165	12	3	-1	-1	-1	-1	-1	-1	-1	
129	174	11	2	-1	-1	-1	-1	-1	-1	-1	
129	173	10	3	-1	-1	-1	-1	-1	-1	-1	
133	170	9	4	-1	-1	-1	-1	-1	-1	-1	
133	167	12	5	-1	-1	-1	-1	-1	-1	-1	
134	166	10	4	-1	-1	-1	-1	-1	-1	-1	
135	165	10	5	-1	-1	-1	-1	-1	-1	-1	
202	108	9	1	-1	-1	-1	-1	-1	-1	-1	
253	65	9	0	-1	-1	-1	-1	-1	-1	-1	
-1	-1	-1	-1	-1	-1	-1	-1	-1	-1	-1	
-1	-1	-1	-1	-1	-1	-1	-1	-1	-1	-1	
-1	-1	-1	-1	-1	-1	-1	-1	-1	-1	-1	
-1	-1	-1	-1	-1	-1	-1	-1	-1	-1	-1	
-------------------------Number of TCAM Overflow occurence-----------------
-1
-1
-1
-1
-1
-1
-1
-1
-1
-1
-1
-1
-1
-1
-1
-1
-1
-1
-1
-1
-1
-1
-1
-1
-1
-1
-1
-1
-1
-1
-1
-1
-1
-1
-1
-1
-1
-1
-1
-1
-1
-1
-1
-1
-1
-1
-1
-1
-1
-1
-1
-1
-1
-1
-1
-1
-1
-1
-1
-1
-1
-1
-1
-1
-1
-1
-1
-1
-1
-1
-1
-1
-1
-1
-1
-1
-1
-1
-1
-1
-1
-1
-1
-1
-1
-1
-1
-1
-1
-1
-1
-1
-1
-1
-1
-1
-1
-1
-1
-1
-1
-1
-1
-1
-1
-1
-1
-1
-1
-1
