-------------------------Distribution of TCAM Usage------------------------
46	157	46	4	0	0	0	0	0	0	0	
0	67	101	57	19	8	1	0	0	0	0	
0	8	76	70	41	43	7	6	2	0	0	
0	0	33	64	57	34	38	17	3	5	1	
1	0	9	46	57	48	29	32	21	1	5	
4	0	1	34	47	49	41	23	27	20	2	
4	4	1	23	42	45	40	30	18	31	14	
2	3	4	16	34	42	41	37	19	24	21	
11	1	3	9	40	39	43	34	26	14	28	
14	2	2	9	40	35	45	35	26	14	28	
14	5	1	8	41	36	44	34	29	14	24	
18	4	2	8	40	37	41	38	23	18	23	
17	6	1	10	38	39	46	34	23	17	24	
14	7	2	9	40	35	44	37	24	17	25	
17	3	3	6	40	39	43	35	24	17	25	
15	6	2	10	41	36	43	32	24	20	23	
15	7	2	7	42	38	41	33	27	15	28	
12	8	3	6	42	38	39	36	24	18	28	
12	7	3	7	39	39	44	33	22	19	26	
14	7	2	9	40	37	41	34	25	18	23	
19	5	2	8	39	38	42	35	22	22	21	
18	6	2	6	41	39	43	36	21	19	23	
19	5	1	7	41	40	42	31	26	17	22	
21	4	4	7	40	38	42	33	26	17	21	
23	2	4	4	40	41	43	31	26	19	20	
20	5	3	6	41	37	45	31	24	21	21	
21	3	3	6	38	38	42	36	24	22	20	
20	4	2	6	41	37	42	36	24	20	21	
21	3	1	6	40	41	40	35	25	21	19	
22	3	2	5	42	38	42	37	19	24	20	
20	4	1	7	42	37	42	35	23	21	22	
21	2	2	7	38	42	42	32	23	21	22	
22	2	2	7	43	37	41	36	23	16	24	
22	2	2	6	41	44	36	37	23	18	22	
20	4	3	6	43	38	40	33	26	18	19	
23	4	2	5	43	42	35	32	31	19	20	
20	5	1	5	46	38	39	31	27	16	24	
19	7	1	5	46	39	39	31	26	20	21	
18	6	1	5	45	41	41	30	26	19	20	
20	6	0	5	44	42	38	38	23	16	23	
18	5	3	5	42	41	37	35	24	20	23	
18	5	3	4	44	35	44	33	24	21	20	
19	6	2	7	43	36	41	33	27	19	22	
17	6	2	3	42	42	40	30	29	15	27	
16	7	2	9	35	45	36	32	28	18	27	
15	6	3	6	39	43	36	31	29	17	27	
16	6	3	7	37	44	32	40	22	19	25	
19	5	3	7	40	36	40	38	22	17	27	
17	6	2	11	35	39	40	36	25	14	29	
17	5	3	9	34	39	42	38	21	18	27	
15	7	3	6	39	36	44	36	22	21	23	
17	7	1	8	40	32	48	36	20	19	24	
16	9	1	9	38	34	49	33	23	17	24	
17	8	1	9	36	40	41	34	25	19	24	
17	7	0	9	38	40	43	30	28	18	23	
18	5	1	13	31	42	46	28	28	16	23	
20	5	1	12	35	40	44	30	25	20	19	
22	5	1	9	39	38	43	36	25	14	24	
15	9	2	9	36	40	44	38	20	18	23	
16	7	2	9	36	39	43	36	24	19	20	
20	5	2	8	40	36	41	40	19	20	26	
14	7	2	4	43	32	49	34	22	20	27	
13	7	2	6	44	29	49	35	20	21	23	
19	5	3	3	44	35	43	35	24	18	25	
18	5	2	6	42	37	43	31	27	16	23	
22	4	2	6	40	39	39	37	23	21	22	
19	5	2	4	42	39	39	40	21	20	23	
17	6	2	7	40	39	39	35	23	21	24	
16	7	2	5	42	40	41	34	21	22	22	
18	6	2	5	43	35	46	34	20	21	20	
19	8	2	7	43	36	41	36	21	21	19	
22	5	2	6	44	36	42	33	23	20	21	
20	6	0	8	42	41	35	36	26	18	21	
22	4	0	7	40	44	38	31	26	22	18	
24	3	2	6	42	36	47	30	23	22	18	
21	6	2	6	44	39	43	30	22	20	23	
17	6	2	5	43	42	43	30	21	22	22	
18	6	2	4	45	37	43	32	24	17	24	
21	4	3	3	44	38	40	38	20	20	25	
15	7	3	4	44	34	45	35	22	20	23	
16	7	2	5	45	35	38	42	22	18	21	
22	3	3	5	42	38	36	42	21	19	22	
19	6	2	5	46	35	38	40	21	22	19	
22	3	1	6	44	37	37	41	22	18	23	
19	5	2	9	38	40	37	38	26	16	22	
19	6	2	5	44	37	35	40	24	20	17	
21	8	2	4	43	41	35	39	27	18	17	
20	7	3	6	42	35	41	40	24	16	21	
19	6	4	7	39	39	38	34	28	17	23	
20	4	3	9	39	39	43	32	23	18	22	
21	4	4	6	41	37	44	29	27	21	21	
18	5	4	6	40	38	42	37	21	18	25	
17	5	4	3	44	38	46	29	24	18	24	
20	3	4	4	44	38	44	28	26	16	26	
16	6	4	8	41	35	47	29	26	15	27	
16	6	3	10	37	35	45	33	24	17	25	
19	5	3	10	38	39	42	29	27	16	28	
14	7	3	11	38	40	41	30	26	17	23	
20	4	3	8	42	38	39	30	29	16	24	
19	5	3	7	43	35	41	32	29	15	23	
20	5	2	8	43	37	39	33	24	19	22	
21	5	2	9	39	42	37	35	22	18	25	
20	4	2	11	36	39	44	31	23	18	24	
20	5	2	11	40	39	45	31	21	21	26	
12	5	2	40	49	51	33	25	27	14	10	
4	4	2	1	0	1	0	0	0	0	0	
0	0	0	0	0	0	0	0	0	0	0	
0	0	0	0	0	0	0	0	0	0	0	
0	0	0	0	0	0	0	0	0	0	0	
0	0	0	0	0	0	0	0	0	0	0	
-------------------------Number of TCAM Overflow occurence-----------------
0
0
0
0
0
0
0
0
0
0
0
0
0
0
0
0
0
0
0
0
0
0
0
0
0
0
0
0
0
0
0
0
0
0
0
0
0
0
0
0
0
0
0
0
0
0
0
0
0
0
0
0
0
0
0
0
0
0
0
0
0
0
0
0
0
0
0
0
0
0
0
0
0
0
0
0
0
0
0
0
0
0
0
0
0
0
0
0
0
0
0
0
0
0
0
0
0
0
0
0
0
0
0
0
0
0
0
0
0
0
