-------------------------Distribution of TCAM Usage------------------------
330	6	1	0	-1	-1	-1	-1	-1	-1	-1	
314	15	5	-1	-1	-1	-1	-1	-1	-1	-1	
295	30	6	1	-1	-1	-1	-1	-1	-1	-1	
264	58	7	1	-1	-1	-1	-1	-1	-1	-1	
233	80	11	2	-1	-1	-1	-1	-1	-1	-1	
205	104	12	0	-1	-1	-1	-1	-1	-1	-1	
183	125	7	6	-1	-1	-1	-1	-1	-1	-1	
150	153	10	4	-1	-1	-1	-1	-1	-1	-1	
137	167	9	3	-1	-1	-1	-1	-1	-1	-1	
126	175	12	3	-1	-1	-1	-1	-1	-1	-1	
122	181	10	3	-1	-1	-1	-1	-1	-1	-1	
127	175	12	4	-1	-1	-1	-1	-1	-1	-1	
127	173	14	3	-1	-1	-1	-1	-1	-1	-1	
130	171	13	4	-1	-1	-1	-1	-1	-1	-1	
132	171	12	2	-1	-1	-1	-1	-1	-1	-1	
134	167	14	1	-1	-1	-1	-1	-1	-1	-1	
136	165	14	0	-1	-1	-1	-1	-1	-1	-1	
130	171	14	0	-1	-1	-1	-1	-1	-1	-1	
137	164	11	2	-1	-1	-1	-1	-1	-1	-1	
135	167	11	1	-1	-1	-1	-1	-1	-1	-1	
135	165	11	5	-1	-1	-1	-1	-1	-1	-1	
140	162	11	4	-1	-1	-1	-1	-1	-1	-1	
137	165	10	3	-1	-1	-1	-1	-1	-1	-1	
132	168	13	4	-1	-1	-1	-1	-1	-1	-1	
133	166	15	3	-1	-1	-1	-1	-1	-1	-1	
134	168	12	2	-1	-1	-1	-1	-1	-1	-1	
131	171	12	5	-1	-1	-1	-1	-1	-1	-1	
132	171	11	4	-1	-1	-1	-1	-1	-1	-1	
129	172	14	2	-1	-1	-1	-1	-1	-1	-1	
127	169	19	4	-1	-1	-1	-1	-1	-1	-1	
127	171	16	4	-1	-1	-1	-1	-1	-1	-1	
125	176	13	3	-1	-1	-1	-1	-1	-1	-1	
124	179	11	2	-1	-1	-1	-1	-1	-1	-1	
128	175	11	3	-1	-1	-1	-1	-1	-1	-1	
125	177	12	3	-1	-1	-1	-1	-1	-1	-1	
124	178	12	1	-1	-1	-1	-1	-1	-1	-1	
132	169	12	2	-1	-1	-1	-1	-1	-1	-1	
130	169	12	4	-1	-1	-1	-1	-1	-1	-1	
134	166	11	4	-1	-1	-1	-1	-1	-1	-1	
132	170	8	6	-1	-1	-1	-1	-1	-1	-1	
124	181	8	5	-1	-1	-1	-1	-1	-1	-1	
118	185	11	4	-1	-1	-1	-1	-1	-1	-1	
125	179	9	3	-1	-1	-1	-1	-1	-1	-1	
120	181	13	3	-1	-1	-1	-1	-1	-1	-1	
131	171	13	2	-1	-1	-1	-1	-1	-1	-1	
127	178	9	2	-1	-1	-1	-1	-1	-1	-1	
130	176	7	4	-1	-1	-1	-1	-1	-1	-1	
123	180	9	2	-1	-1	-1	-1	-1	-1	-1	
124	179	7	3	-1	-1	-1	-1	-1	-1	-1	
133	170	6	7	-1	-1	-1	-1	-1	-1	-1	
126	178	5	6	-1	-1	-1	-1	-1	-1	-1	
122	181	7	5	-1	-1	-1	-1	-1	-1	-1	
122	182	6	4	-1	-1	-1	-1	-1	-1	-1	
121	182	8	2	-1	-1	-1	-1	-1	-1	-1	
125	179	6	3	-1	-1	-1	-1	-1	-1	-1	
125	178	7	1	-1	-1	-1	-1	-1	-1	-1	
121	181	8	4	-1	-1	-1	-1	-1	-1	-1	
121	180	10	2	-1	-1	-1	-1	-1	-1	-1	
126	173	12	2	-1	-1	-1	-1	-1	-1	-1	
124	178	8	4	-1	-1	-1	-1	-1	-1	-1	
121	180	8	4	-1	-1	-1	-1	-1	-1	-1	
125	173	10	5	-1	-1	-1	-1	-1	-1	-1	
124	175	10	2	-1	-1	-1	-1	-1	-1	-1	
118	179	13	3	-1	-1	-1	-1	-1	-1	-1	
116	184	10	2	-1	-1	-1	-1	-1	-1	-1	
124	175	10	5	-1	-1	-1	-1	-1	-1	-1	
119	179	11	2	-1	-1	-1	-1	-1	-1	-1	
121	182	6	4	-1	-1	-1	-1	-1	-1	-1	
118	183	8	4	-1	-1	-1	-1	-1	-1	-1	
122	178	10	4	-1	-1	-1	-1	-1	-1	-1	
127	178	7	2	-1	-1	-1	-1	-1	-1	-1	
127	177	9	1	-1	-1	-1	-1	-1	-1	-1	
126	180	9	2	-1	-1	-1	-1	-1	-1	-1	
124	179	10	2	-1	-1	-1	-1	-1	-1	-1	
133	174	6	2	-1	-1	-1	-1	-1	-1	-1	
136	170	8	1	-1	-1	-1	-1	-1	-1	-1	
126	176	10	3	-1	-1	-1	-1	-1	-1	-1	
121	182	9	3	-1	-1	-1	-1	-1	-1	-1	
122	180	10	4	-1	-1	-1	-1	-1	-1	-1	
121	182	10	3	-1	-1	-1	-1	-1	-1	-1	
122	180	11	2	-1	-1	-1	-1	-1	-1	-1	
128	174	10	2	-1	-1	-1	-1	-1	-1	-1	
129	172	10	3	-1	-1	-1	-1	-1	-1	-1	
130	170	11	4	-1	-1	-1	-1	-1	-1	-1	
129	170	12	3	-1	-1	-1	-1	-1	-1	-1	
134	169	9	3	-1	-1	-1	-1	-1	-1	-1	
125	178	8	2	-1	-1	-1	-1	-1	-1	-1	
129	170	11	4	-1	-1	-1	-1	-1	-1	-1	
131	168	11	3	-1	-1	-1	-1	-1	-1	-1	
133	167	11	3	-1	-1	-1	-1	-1	-1	-1	
123	178	10	1	-1	-1	-1	-1	-1	-1	-1	
125	177	10	3	-1	-1	-1	-1	-1	-1	-1	
126	179	8	3	-1	-1	-1	-1	-1	-1	-1	
127	176	9	1	-1	-1	-1	-1	-1	-1	-1	
130	173	9	3	-1	-1	-1	-1	-1	-1	-1	
131	173	9	2	-1	-1	-1	-1	-1	-1	-1	
129	175	9	3	-1	-1	-1	-1	-1	-1	-1	
124	178	10	2	-1	-1	-1	-1	-1	-1	-1	
125	178	10	4	-1	-1	-1	-1	-1	-1	-1	
129	173	8	4	-1	-1	-1	-1	-1	-1	-1	
123	181	8	2	-1	-1	-1	-1	-1	-1	-1	
123	177	12	1	-1	-1	-1	-1	-1	-1	-1	
127	174	11	3	-1	-1	-1	-1	-1	-1	-1	
132	172	9	2	-1	-1	-1	-1	-1	-1	-1	
200	111	7	3	-1	-1	-1	-1	-1	-1	-1	
255	62	9	1	-1	-1	-1	-1	-1	-1	-1	
-1	-1	-1	-1	-1	-1	-1	-1	-1	-1	-1	
-1	-1	-1	-1	-1	-1	-1	-1	-1	-1	-1	
-1	-1	-1	-1	-1	-1	-1	-1	-1	-1	-1	
-1	-1	-1	-1	-1	-1	-1	-1	-1	-1	-1	
-------------------------Number of TCAM Overflow occurence-----------------
-1
-1
-1
-1
-1
-1
-1
-1
-1
-1
-1
-1
-1
-1
-1
-1
-1
-1
-1
-1
-1
-1
-1
-1
-1
-1
-1
-1
-1
-1
-1
-1
-1
-1
-1
-1
-1
-1
-1
-1
-1
-1
-1
-1
-1
-1
-1
-1
-1
-1
-1
-1
-1
-1
-1
-1
-1
-1
-1
-1
-1
-1
-1
-1
-1
-1
-1
-1
-1
-1
-1
-1
-1
-1
-1
-1
-1
-1
-1
-1
-1
-1
-1
-1
-1
-1
-1
-1
-1
-1
-1
-1
-1
-1
-1
-1
-1
-1
-1
-1
-1
-1
-1
-1
-1
-1
-1
-1
-1
-1
