-------------------------Distribution of TCAM Usage------------------------
249	66	15	4	4	0	0	1	1	1	0	
73	194	43	12	7	4	2	4	0	0	1	
17	178	89	28	14	3	4	4	1	2	2	
13	106	129	49	17	9	5	4	5	3	2	
11	55	153	58	35	8	5	6	3	3	4	
9	30	131	84	44	20	5	4	8	1	1	
12	22	111	93	52	23	13	3	7	7	2	
10	17	88	108	56	26	16	7	2	6	6	
10	11	81	113	58	26	24	7	4	5	5	
9	11	78	112	60	26	22	8	6	7	3	
12	10	73	120	59	32	16	8	3	7	7	
12	9	84	110	59	31	17	8	2	6	9	
12	9	81	110	60	36	12	9	4	5	5	
15	7	79	107	64	34	16	9	4	6	3	
16	7	80	110	60	32	20	9	5	4	5	
14	9	69	118	62	32	26	4	5	2	7	
13	8	76	111	67	25	26	6	6	2	4	
16	5	84	107	64	31	21	9	4	2	7	
12	8	78	113	65	29	21	4	5	5	7	
11	10	79	109	61	35	18	5	4	7	6	
9	12	76	116	52	38	18	8	4	8	4	
14	10	85	108	52	35	20	9	6	7	2	
13	11	76	113	57	36	19	7	4	5	7	
11	10	67	121	55	38	21	6	4	7	8	
12	9	72	115	58	34	22	8	5	6	5	
12	9	75	119	54	33	20	9	6	4	8	
11	10	78	113	60	30	17	8	8	8	5	
12	8	79	111	60	30	22	5	7	8	7	
11	10	77	112	62	27	23	7	7	4	7	
13	9	67	122	56	33	23	10	5	5	4	
13	7	72	118	60	32	20	10	4	8	5	
12	9	73	119	54	41	15	8	6	4	6	
14	7	79	112	57	38	17	10	4	4	7	
13	8	80	115	56	32	20	8	4	4	4	
15	10	81	108	59	36	17	7	6	6	0	
18	7	79	116	53	35	19	9	5	3	7	
11	8	90	100	59	38	18	10	3	5	4	
10	9	85	109	55	36	21	6	6	6	4	
11	9	82	109	54	38	20	8	4	5	3	
12	12	81	111	59	36	18	7	1	8	4	
12	12	78	112	57	34	23	5	4	6	2	
16	13	80	112	53	39	20	5	4	5	1	
16	13	70	124	57	34	16	5	5	4	5	
17	12	65	129	52	39	15	5	5	9	5	
12	13	67	122	60	32	20	4	8	4	7	
10	10	77	117	56	35	20	6	4	5	6	
11	11	79	114	55	33	24	2	7	6	4	
11	14	70	119	60	32	22	2	7	4	7	
10	12	74	118	56	36	21	6	1	6	7	
11	10	80	117	51	35	20	4	5	10	4	
12	10	72	121	52	33	24	4	1	8	4	
14	10	70	119	59	33	22	7	2	7	4	
12	12	72	121	54	36	21	5	2	7	5	
10	11	68	126	56	36	20	4	5	4	6	
9	11	69	124	62	32	19	6	3	5	6	
10	13	67	123	60	33	18	9	2	3	6	
11	12	72	124	58	30	21	7	2	7	4	
11	10	73	122	57	32	20	6	6	3	7	
11	9	76	118	53	34	23	7	4	4	8	
9	11	75	117	54	35	19	11	2	5	7	
10	9	78	121	51	35	18	9	3	5	7	
10	12	75	111	54	35	23	9	3	8	7	
9	11	69	114	59	35	19	10	7	3	10	
9	8	70	120	53	34	23	7	8	5	7	
9	12	76	115	46	40	24	5	6	4	8	
10	12	75	115	50	37	25	6	3	7	6	
8	9	79	113	47	43	25	5	3	3	10	
9	9	85	107	57	33	26	6	1	5	6	
14	10	76	112	58	34	23	6	1	7	7	
13	8	79	114	56	31	25	6	2	6	9	
13	9	76	114	58	30	24	8	1	6	7	
14	10	77	117	53	38	21	4	4	5	7	
15	11	73	115	56	35	24	3	5	5	7	
13	11	75	114	55	39	24	2	2	3	8	
14	8	74	119	57	37	23	3	2	4	6	
16	10	71	120	54	41	17	7	3	4	8	
12	12	67	124	50	37	23	5	5	6	4	
15	6	66	132	50	36	24	5	4	5	5	
15	10	68	126	52	37	18	7	3	7	5	
14	9	67	130	53	34	18	7	5	5	3	
15	8	66	130	56	30	22	5	6	5	6	
12	9	71	130	53	28	25	6	1	7	7	
10	12	65	134	54	30	19	6	4	5	8	
9	11	72	126	56	31	19	6	5	6	5	
9	12	74	120	52	38	19	7	4	6	5	
10	9	80	112	60	35	19	5	7	4	4	
11	14	81	106	53	40	21	6	5	3	7	
10	15	79	105	63	33	19	6	4	5	7	
12	12	73	105	72	31	18	8	4	5	6	
12	12	75	106	64	35	20	7	3	5	5	
11	16	74	107	66	34	15	9	5	4	5	
14	13	68	116	61	39	20	4	3	5	5	
13	12	72	118	51	42	20	7	4	4	6	
13	10	69	119	54	42	20	6	3	2	8	
14	12	75	111	56	43	19	6	2	7	5	
9	14	78	112	56	39	16	8	4	3	8	
10	13	80	112	59	33	17	10	2	6	5	
9	12	77	112	57	44	14	8	2	4	8	
10	15	72	118	60	36	15	6	3	7	5	
7	13	70	123	62	30	19	6	2	9	5	
8	12	69	123	62	28	18	6	6	4	6	
9	16	68	117	65	30	20	8	3	4	5	
11	10	71	121	66	26	20	9	3	7	3	
11	12	81	119	55	28	20	7	5	4	4	
11	29	138	79	40	26	7	5	6	6	3	
12	81	145	54	29	6	12	4	4	2	2	
3	1	2	3	0	3	1	0	0	3	0	
2	1	3	1	1	1	0	0	2	0	0	
0	0	1	1	0	0	0	1	1	1	1	
0	0	0	1	0	1	0	2	0	0	1	
-------------------------Number of TCAM Overflow occurence-----------------
0
0
0
0
2
0
1
2
0
0
0
0
1
0
0
0
0
1
0
0
0
1
0
0
0
0
0
0
0
0
0
0
0
0
0
0
0
0
0
0
1
0
0
0
0
0
0
0
0
0
0
0
0
1
0
0
0
0
0
0
0
0
0
0
0
0
1
0
0
0
0
0
0
0
0
0
0
0
0
0
0
1
0
0
0
0
0
0
1
0
0
0
0
0
0
0
0
0
0
1
0
0
0
0
0
0
0
1
0
0
