-------------------------Distribution of TCAM Usage------------------------
107	179	56	6	1	2	0	0	2	0	0	
51	95	111	60	24	9	4	0	0	2	0	
42	43	89	73	43	45	9	9	0	3	0	
46	33	44	67	62	36	36	19	4	8	1	
46	34	19	57	56	44	33	29	24	6	4	
50	34	12	36	57	50	36	26	26	21	5	
52	33	11	32	41	45	45	30	18	29	17	
49	36	12	19	43	41	47	33	22	22	19	
62	33	13	12	42	43	41	42	19	17	28	
63	36	11	12	40	42	43	38	21	19	24	
59	43	11	7	44	45	43	32	25	17	22	
64	41	12	7	42	45	40	39	25	17	21	
62	40	11	10	43	41	44	37	22	19	22	
58	42	10	9	42	44	41	37	23	19	22	
61	38	11	10	46	41	42	35	23	18	23	
61	37	11	13	44	37	41	36	28	15	21	
62	40	11	12	40	42	41	36	26	15	23	
62	39	10	12	44	38	43	35	25	19	20	
62	38	10	15	39	42	41	36	24	19	20	
63	37	10	14	37	45	40	36	25	15	26	
61	37	10	13	40	44	43	31	27	15	25	
61	38	10	14	43	41	40	35	23	19	26	
60	36	10	14	43	36	45	36	23	15	29	
60	36	10	13	39	42	46	31	24	20	25	
64	34	10	15	39	41	46	29	28	19	22	
63	36	9	16	38	45	40	36	23	22	21	
63	35	11	15	40	41	40	38	22	21	21	
64	36	10	9	44	41	44	35	23	20	20	
67	35	11	11	39	45	43	33	25	18	22	
68	31	12	11	41	45	41	33	28	16	24	
65	32	14	9	40	46	39	35	28	15	26	
64	31	13	10	43	42	44	30	29	17	27	
58	36	12	11	44	41	41	32	27	21	22	
62	37	10	13	41	42	39	37	26	19	25	
61	35	11	14	41	40	46	29	28	19	24	
62	34	11	14	41	40	41	37	26	17	24	
64	33	11	13	42	40	42	36	27	18	20	
69	30	11	14	40	42	39	39	27	15	22	
68	31	13	9	46	38	44	35	25	16	25	
65	32	13	10	44	41	44	34	25	16	24	
65	31	14	11	42	41	46	31	28	19	20	
64	34	14	11	40	41	42	36	28	16	27	
63	30	12	11	40	42	42	37	28	17	27	
56	35	12	11	41	41	44	34	27	18	26	
56	39	11	11	42	41	39	38	29	17	25	
59	36	11	13	41	43	35	39	30	19	23	
57	38	12	12	39	46	40	34	26	20	22	
63	36	11	11	42	44	39	31	31	18	25	
63	34	11	12	41	42	39	35	28	20	23	
62	35	12	14	42	39	40	34	28	22	21	
58	41	10	17	39	38	40	36	28	21	18	
64	38	10	14	43	37	40	36	27	17	23	
63	38	11	12	40	42	41	36	25	17	23	
64	35	12	11	40	46	35	40	24	20	20	
67	34	12	13	40	41	36	43	25	16	24	
66	34	11	14	36	44	39	37	30	13	23	
67	35	11	11	41	44	38	39	27	14	21	
67	34	12	12	35	49	36	39	29	14	24	
65	34	11	13	37	46	37	43	21	16	27	
62	35	12	10	40	44	41	35	25	20	23	
61	37	11	12	38	45	41	35	23	19	25	
63	36	12	8	42	43	43	36	19	21	26	
61	37	12	10	37	46	41	37	20	21	28	
60	35	13	10	42	39	46	35	21	21	26	
60	35	13	11	40	38	47	35	22	21	24	
62	36	13	11	39	38	47	32	25	23	23	
58	38	13	12	41	37	49	27	26	22	21	
61	38	13	10	42	37	45	35	24	19	21	
64	38	11	9	44	39	47	35	23	20	20	
61	39	12	10	43	37	44	39	25	18	20	
61	39	13	12	43	34	46	36	26	15	24	
61	38	11	14	39	37	48	37	24	16	24	
60	38	11	14	38	42	46	34	27	17	21	
58	39	11	15	39	39	49	32	25	17	23	
58	39	11	12	41	40	48	32	23	22	19	
61	38	10	12	41	42	45	35	25	19	21	
59	38	11	12	40	39	47	36	25	20	21	
56	39	12	8	43	41	46	34	25	21	20	
59	37	13	8	43	38	45	38	23	19	22	
61	37	12	10	39	44	44	37	24	17	20	
61	40	12	11	41	42	41	39	24	18	23	
58	39	11	13	41	42	43	36	22	18	22	
65	36	11	12	44	38	41	38	22	22	19	
65	36	12	14	40	38	45	34	27	17	25	
58	38	11	12	43	37	47	34	25	18	24	
63	33	11	12	43	40	48	30	24	21	23	
64	34	9	12	42	43	46	32	23	20	25	
62	33	13	11	41	46	39	33	27	18	24	
63	36	10	15	39	42	40	37	26	16	23	
66	35	9	12	45	42	37	37	26	16	26	
62	35	12	11	43	42	42	35	29	12	27	
58	40	11	8	44	42	42	37	27	12	27	
60	37	11	13	43	38	44	35	27	16	24	
60	38	10	13	39	41	44	34	31	12	27	
59	37	12	12	38	43	44	31	33	14	25	
58	38	12	14	36	42	46	32	30	12	25	
60	38	12	13	41	39	48	29	28	14	26	
58	40	10	11	44	40	46	31	27	13	26	
62	39	9	9	44	41	44	35	24	17	23	
61	39	11	12	40	40	43	35	26	16	23	
63	40	9	12	45	37	41	37	20	21	25	
60	39	10	13	40	41	40	37	24	21	21	
64	34	12	10	42	44	41	33	25	21	26	
59	35	11	11	44	40	47	32	22	22	27	
65	30	10	39	46	54	41	25	29	12	9	
6	3	3	1	0	0	1	0	0	0	0	
0	0	0	0	0	0	0	0	0	0	0	
0	0	0	0	0	0	0	0	0	0	0	
0	0	0	0	0	0	0	0	0	0	0	
0	0	0	0	0	0	0	0	0	0	0	
-------------------------Number of TCAM Overflow occurence-----------------
0
0
0
0
0
0
0
0
0
0
0
0
0
0
0
0
0
0
0
0
0
0
0
0
0
0
0
0
0
0
0
0
0
0
0
0
0
0
0
0
0
0
0
0
0
0
0
0
0
0
0
0
0
0
0
0
0
0
0
0
0
0
0
0
0
0
0
0
0
0
0
0
0
0
0
0
0
0
0
0
0
0
0
0
0
0
0
0
0
0
0
0
0
0
0
0
0
0
0
0
0
0
0
0
0
0
0
0
0
0
