-------------------------Distribution of TCAM Usage------------------------
345	4	1	-1	-1	-1	-1	-1	-1	-1	-1	
273	75	0	1	-1	-1	-1	-1	-1	-1	-1	
193	146	8	2	-1	-1	-1	-1	-1	-1	-1	
145	161	35	7	-1	-1	-1	-1	-1	-1	-1	
116	160	60	5	-1	-1	-1	-1	-1	-1	-1	
95	161	61	20	-1	-1	-1	-1	-1	-1	-1	
89	145	60	28	-1	-1	-1	-1	-1	-1	-1	
89	128	70	21	-1	-1	-1	-1	-1	-1	-1	
89	117	74	17	-1	-1	-1	-1	-1	-1	-1	
92	114	70	18	-1	-1	-1	-1	-1	-1	-1	
88	115	70	16	-1	-1	-1	-1	-1	-1	-1	
88	110	78	16	-1	-1	-1	-1	-1	-1	-1	
88	110	75	18	-1	-1	-1	-1	-1	-1	-1	
84	113	72	18	-1	-1	-1	-1	-1	-1	-1	
84	110	75	18	-1	-1	-1	-1	-1	-1	-1	
84	108	78	14	-1	-1	-1	-1	-1	-1	-1	
84	114	71	14	-1	-1	-1	-1	-1	-1	-1	
83	113	72	19	-1	-1	-1	-1	-1	-1	-1	
83	113	71	18	-1	-1	-1	-1	-1	-1	-1	
83	113	71	14	-1	-1	-1	-1	-1	-1	-1	
82	116	70	15	-1	-1	-1	-1	-1	-1	-1	
84	114	69	18	-1	-1	-1	-1	-1	-1	-1	
84	112	72	14	-1	-1	-1	-1	-1	-1	-1	
84	111	71	20	-1	-1	-1	-1	-1	-1	-1	
84	114	72	18	-1	-1	-1	-1	-1	-1	-1	
85	112	72	22	-1	-1	-1	-1	-1	-1	-1	
84	113	72	20	-1	-1	-1	-1	-1	-1	-1	
84	112	73	19	-1	-1	-1	-1	-1	-1	-1	
84	111	75	17	-1	-1	-1	-1	-1	-1	-1	
86	112	74	15	-1	-1	-1	-1	-1	-1	-1	
85	111	76	14	-1	-1	-1	-1	-1	-1	-1	
85	108	78	17	-1	-1	-1	-1	-1	-1	-1	
84	114	71	20	-1	-1	-1	-1	-1	-1	-1	
86	109	76	18	-1	-1	-1	-1	-1	-1	-1	
86	109	76	18	-1	-1	-1	-1	-1	-1	-1	
84	111	76	17	-1	-1	-1	-1	-1	-1	-1	
84	112	76	17	-1	-1	-1	-1	-1	-1	-1	
84	112	77	15	-1	-1	-1	-1	-1	-1	-1	
86	112	73	15	-1	-1	-1	-1	-1	-1	-1	
85	111	75	16	-1	-1	-1	-1	-1	-1	-1	
85	108	79	18	-1	-1	-1	-1	-1	-1	-1	
86	109	78	15	-1	-1	-1	-1	-1	-1	-1	
84	113	75	16	-1	-1	-1	-1	-1	-1	-1	
84	108	78	17	-1	-1	-1	-1	-1	-1	-1	
85	109	79	16	-1	-1	-1	-1	-1	-1	-1	
86	109	79	18	-1	-1	-1	-1	-1	-1	-1	
86	109	76	19	-1	-1	-1	-1	-1	-1	-1	
86	112	74	17	-1	-1	-1	-1	-1	-1	-1	
86	117	68	19	-1	-1	-1	-1	-1	-1	-1	
86	112	73	21	-1	-1	-1	-1	-1	-1	-1	
86	114	72	20	-1	-1	-1	-1	-1	-1	-1	
86	114	71	16	-1	-1	-1	-1	-1	-1	-1	
84	112	74	17	-1	-1	-1	-1	-1	-1	-1	
84	116	69	20	-1	-1	-1	-1	-1	-1	-1	
85	113	74	15	-1	-1	-1	-1	-1	-1	-1	
85	113	76	13	-1	-1	-1	-1	-1	-1	-1	
86	108	80	13	-1	-1	-1	-1	-1	-1	-1	
85	111	77	13	-1	-1	-1	-1	-1	-1	-1	
84	113	73	15	-1	-1	-1	-1	-1	-1	-1	
84	114	71	19	-1	-1	-1	-1	-1	-1	-1	
85	112	70	18	-1	-1	-1	-1	-1	-1	-1	
85	113	67	20	-1	-1	-1	-1	-1	-1	-1	
85	115	65	20	-1	-1	-1	-1	-1	-1	-1	
85	114	68	20	-1	-1	-1	-1	-1	-1	-1	
85	112	70	20	-1	-1	-1	-1	-1	-1	-1	
85	111	71	23	-1	-1	-1	-1	-1	-1	-1	
84	113	69	22	-1	-1	-1	-1	-1	-1	-1	
83	112	72	19	-1	-1	-1	-1	-1	-1	-1	
85	110	75	19	-1	-1	-1	-1	-1	-1	-1	
84	112	76	18	-1	-1	-1	-1	-1	-1	-1	
84	112	76	14	-1	-1	-1	-1	-1	-1	-1	
84	113	75	15	-1	-1	-1	-1	-1	-1	-1	
84	112	78	16	-1	-1	-1	-1	-1	-1	-1	
84	110	77	17	-1	-1	-1	-1	-1	-1	-1	
84	110	74	21	-1	-1	-1	-1	-1	-1	-1	
84	113	74	18	-1	-1	-1	-1	-1	-1	-1	
83	115	73	19	-1	-1	-1	-1	-1	-1	-1	
83	112	74	21	-1	-1	-1	-1	-1	-1	-1	
83	111	74	19	-1	-1	-1	-1	-1	-1	-1	
84	111	76	16	-1	-1	-1	-1	-1	-1	-1	
85	110	77	17	-1	-1	-1	-1	-1	-1	-1	
85	113	72	18	-1	-1	-1	-1	-1	-1	-1	
86	110	73	22	-1	-1	-1	-1	-1	-1	-1	
86	113	73	16	-1	-1	-1	-1	-1	-1	-1	
85	112	73	17	-1	-1	-1	-1	-1	-1	-1	
85	111	72	20	-1	-1	-1	-1	-1	-1	-1	
85	108	76	19	-1	-1	-1	-1	-1	-1	-1	
86	111	74	17	-1	-1	-1	-1	-1	-1	-1	
85	113	74	15	-1	-1	-1	-1	-1	-1	-1	
86	110	75	15	-1	-1	-1	-1	-1	-1	-1	
86	108	81	12	-1	-1	-1	-1	-1	-1	-1	
85	113	76	11	-1	-1	-1	-1	-1	-1	-1	
84	113	75	15	-1	-1	-1	-1	-1	-1	-1	
85	112	77	11	-1	-1	-1	-1	-1	-1	-1	
85	113	76	13	-1	-1	-1	-1	-1	-1	-1	
84	114	75	12	-1	-1	-1	-1	-1	-1	-1	
83	112	75	13	-1	-1	-1	-1	-1	-1	-1	
83	116	71	12	-1	-1	-1	-1	-1	-1	-1	
84	113	72	16	-1	-1	-1	-1	-1	-1	-1	
84	112	72	15	-1	-1	-1	-1	-1	-1	-1	
84	114	66	20	-1	-1	-1	-1	-1	-1	-1	
84	113	70	20	-1	-1	-1	-1	-1	-1	-1	
84	115	68	20	-1	-1	-1	-1	-1	-1	-1	
84	119	65	21	-1	-1	-1	-1	-1	-1	-1	
92	156	61	11	-1	-1	-1	-1	-1	-1	-1	
-1	-1	-1	-1	-1	-1	-1	-1	-1	-1	-1	
-1	-1	-1	-1	-1	-1	-1	-1	-1	-1	-1	
-1	-1	-1	-1	-1	-1	-1	-1	-1	-1	-1	
-1	-1	-1	-1	-1	-1	-1	-1	-1	-1	-1	
-1	-1	-1	-1	-1	-1	-1	-1	-1	-1	-1	
-------------------------Number of TCAM Overflow occurence-----------------
-1
-1
-1
-1
-1
-1
-1
-1
-1
-1
-1
-1
-1
-1
-1
-1
-1
-1
-1
-1
-1
-1
-1
-1
-1
-1
-1
-1
-1
-1
-1
-1
-1
-1
-1
-1
-1
-1
-1
-1
-1
-1
-1
-1
-1
-1
-1
-1
-1
-1
-1
-1
-1
-1
-1
-1
-1
-1
-1
-1
-1
-1
-1
-1
-1
-1
-1
-1
-1
-1
-1
-1
-1
-1
-1
-1
-1
-1
-1
-1
-1
-1
-1
-1
-1
-1
-1
-1
-1
-1
-1
-1
-1
-1
-1
-1
-1
-1
-1
-1
-1
-1
-1
-1
-1
-1
-1
-1
-1
-1
