-------------------------Distribution of TCAM Usage------------------------
248	67	13	5	1	1	1	1	2	0	0	
64	211	38	11	5	4	3	2	2	0	0	
17	181	95	23	7	6	4	4	2	1	1	
11	111	130	47	16	4	5	8	6	1	4	
8	52	150	69	28	9	4	6	2	4	3	
10	36	133	79	45	20	3	4	6	2	3	
10	18	109	95	60	24	10	5	3	6	3	
12	13	90	110	49	33	17	4	7	3	4	
12	13	76	112	54	40	19	6	3	4	6	
11	12	76	107	58	41	17	8	4	4	8	
7	10	77	108	60	36	22	6	5	4	7	
9	11	73	110	55	43	20	7	4	8	4	
9	11	71	114	58	35	22	9	6	4	6	
11	10	74	113	56	38	20	7	6	7	4	
9	14	75	110	58	36	17	9	7	4	7	
10	14	79	114	53	31	21	6	6	2	9	
10	12	82	117	49	35	18	8	4	6	4	
11	14	78	118	56	29	18	7	7	6	3	
9	16	76	115	56	34	20	5	6	6	4	
11	12	83	109	54	38	15	8	5	6	5	
11	12	87	100	58	33	25	3	8	4	6	
10	13	83	107	57	32	21	5	5	5	5	
12	10	81	107	60	32	24	4	6	5	6	
13	9	84	100	64	33	20	5	3	9	4	
12	12	76	112	61	32	19	5	3	5	6	
12	11	78	107	62	34	21	4	3	7	6	
9	12	81	112	58	33	19	5	5	4	6	
11	14	78	112	56	37	19	3	3	7	5	
11	11	78	116	60	29	22	6	2	9	4	
10	15	74	111	63	35	19	3	3	11	2	
10	13	83	107	57	40	19	2	3	9	3	
10	13	84	110	58	32	17	7	4	7	3	
12	9	82	118	53	32	18	8	5	5	6	
11	8	80	118	53	32	26	3	7	6	4	
12	8	76	121	51	38	21	4	5	7	4	
11	9	75	122	51	36	22	5	5	6	5	
11	9	77	108	66	32	21	7	3	7	5	
11	9	71	118	60	32	21	8	2	6	8	
10	10	71	122	58	33	18	6	4	6	9	
8	13	75	119	54	36	17	6	3	5	6	
13	10	70	122	56	38	20	4	5	2	7	
11	10	69	125	50	44	18	3	5	7	3	
13	8	76	122	51	41	17	2	3	9	4	
10	10	71	128	44	42	18	3	4	9	3	
13	11	69	129	47	36	24	3	3	10	3	
12	12	67	125	50	41	18	8	4	9	3	
13	14	67	123	52	37	17	6	7	6	6	
10	14	71	117	53	38	19	8	5	6	6	
10	15	67	118	52	41	19	8	5	5	6	
12	14	67	119	54	37	19	8	7	4	3	
14	16	68	117	56	37	21	3	7	4	6	
14	12	68	116	61	36	21	5	5	6	2	
13	14	72	116	58	35	21	5	4	6	3	
14	11	71	118	60	33	22	4	6	5	5	
12	12	71	112	64	31	21	8	3	7	7	
11	13	73	106	64	34	22	6	3	8	4	
11	11	77	112	58	38	20	4	6	2	7	
13	9	80	109	60	36	19	6	6	3	6	
14	9	77	114	57	35	19	7	5	4	6	
14	8	78	110	59	39	18	5	7	5	3	
13	11	77	114	53	40	21	4	3	5	8	
10	10	73	116	60	40	16	6	4	4	8	
10	10	79	112	58	40	19	3	5	3	6	
13	9	82	109	55	44	15	4	4	6	6	
11	10	80	109	57	40	17	7	5	5	7	
9	8	88	104	67	35	15	5	3	5	8	
9	9	89	112	57	35	16	5	3	5	6	
11	11	79	121	53	36	18	6	2	4	5	
14	11	77	122	51	39	17	4	4	4	8	
11	12	74	120	49	43	18	3	7	5	5	
12	9	75	117	54	40	22	4	5	4	6	
16	6	76	115	57	39	19	4	5	5	3	
16	11	74	117	57	33	24	3	4	4	5	
15	10	74	114	62	36	19	3	4	4	8	
13	7	78	120	55	32	23	5	3	6	4	
12	12	82	117	52	38	17	4	4	9	3	
10	12	76	111	63	28	25	7	4	5	4	
12	11	79	116	56	31	22	5	6	5	5	
10	14	73	118	54	33	24	6	4	5	6	
11	12	71	119	56	37	21	4	4	5	6	
12	10	75	118	60	35	16	6	5	6	4	
12	11	74	123	53	39	17	3	5	6	6	
10	13	75	124	44	43	16	4	5	7	6	
13	11	72	125	43	47	17	5	4	6	5	
13	10	71	127	44	42	20	5	6	6	5	
12	11	74	122	47	40	17	6	6	7	6	
13	10	72	121	54	40	14	7	5	7	6	
13	8	77	121	51	39	16	4	6	8	6	
11	7	76	123	48	43	12	7	7	5	8	
11	8	78	117	57	36	16	7	4	6	6	
12	9	80	116	56	38	15	4	6	6	6	
11	12	79	115	56	40	10	6	6	7	4	
12	10	83	105	70	34	11	7	8	6	2	
11	13	84	107	64	34	11	9	1	11	3	
11	12	80	113	61	31	17	7	3	9	4	
8	11	84	113	56	34	13	9	3	7	6	
9	8	82	118	57	32	16	6	5	9	2	
10	9	77	119	58	39	13	7	6	6	3	
10	9	82	112	59	40	13	5	6	4	7	
9	10	79	116	60	30	17	5	6	5	7	
11	8	82	112	60	34	18	3	5	8	3	
11	13	83	111	53	37	19	5	4	9	3	
9	9	82	109	62	33	22	4	4	7	5	
8	13	79	116	55	30	23	5	4	8	2	
12	27	140	79	44	23	7	6	6	4	5	
11	88	134	62	25	7	10	4	5	2	0	
4	3	3	2	0	2	0	1	0	3	2	
0	1	1	3	1	1	0	0	1	0	0	
1	1	1	0	0	0	0	1	1	2	0	
0	0	0	0	1	0	1	1	0	0	0	
-------------------------Number of TCAM Overflow occurence-----------------
0
0
0
1
1
0
1
0
1
0
2
0
2
0
0
1
0
0
0
0
0
0
0
0
0
0
0
1
0
0
0
0
0
0
0
0
0
0
0
0
0
0
0
1
0
0
0
1
0
0
0
0
0
0
0
1
0
0
0
0
0
0
0
0
0
0
1
0
0
0
0
0
0
0
0
1
0
0
0
0
1
0
0
0
0
0
0
0
0
0
0
0
1
0
1
0
0
0
0
0
0
1
0
0
0
0
0
0
0
0
